Pesos de entrada para a camada escondida apos o treinamento: 
[[ 8.52485088e-03  5.68670392e-01  9.84274561e-01  3.96452588e-01
   3.32996685e-01  7.97254298e-01  1.57230924e+00  6.48444263e-01
   5.13168878e-01  5.93063834e-01  6.20469136e-02  7.46986697e-01
   1.77504795e-01  2.10036708e-01  7.08593594e-02]
 [ 2.62194996e-01  3.02599017e-01  1.74212268e-01  6.90243396e-01
   1.18296904e-01  9.76746490e-01  1.32259494e+00  3.59760182e-01
   2.39079219e-01  4.53652369e-01  3.44122341e-01  9.69600110e-01
   8.89811971e-01  1.22195949e-01  5.28005788e-01]
 [ 4.03762054e-01  4.42542992e-01  3.50107592e-02  3.24723171e-01
   6.35620680e-01  3.43465872e-01  5.22029686e-01  5.20127177e-02
   9.07908318e-01  9.22773942e-01  9.80777666e-01  4.80862912e-01
   4.30068881e-01  7.27991399e-02  8.68936441e-01]
 [ 6.67354409e-01  7.32331987e-01  5.98043788e-01  6.04110165e-01
   4.86225912e-03  4.87615322e-01 -2.15116978e-01 -1.79163909e+00
   4.12626951e-01  3.96287950e-01  1.40591480e-01  2.23657560e-01
   7.12505754e-01  2.27784076e-01  2.52965583e-01]
 [ 2.77989304e-01  7.69729958e-01  2.98885273e-01  1.57814234e-02
   3.37580519e-01  3.24506511e-01  2.48769248e-01 -1.04815468e+00
   8.84665259e-01  7.86062070e-01 -1.41645719e-01  5.46937806e-01
   5.46240033e-01  5.20356554e-01  7.73242686e-01]
 [ 4.34919900e-01  6.09018979e-01  5.20173012e-01  6.02089763e-02
   8.20526871e-01  8.79038972e-01 -4.31656828e-01  1.46828727e-02
   2.16637953e-01  2.68593488e-01 -1.16581130e+00  7.03447520e-02
   8.73387545e-01  1.21862575e-01  6.45240758e-01]
 [ 1.23837144e-01  8.43267018e-01  6.24869460e-01  4.64513642e-01
   6.09086290e-01  3.47051561e-01 -3.96650733e-02 -1.85259322e+00
   7.23936386e-01  4.25370067e-01  4.55957265e-02  2.67308233e-01
   7.14665757e-01  7.85314837e-01  1.15961998e-01]
 [ 7.16054857e-01  4.32707259e-01  5.78091861e-01 -1.71927275e-02
   9.90312190e-01  5.15771832e-01  7.93377192e-01  2.76288522e-01
   6.66536592e-02  2.73154619e-01 -2.29601554e-01  9.61581058e-01
   9.00433342e-01  9.82081431e-01  2.11031018e-01]
 [ 8.11636057e-01  5.26971612e-01  6.93025469e-01  1.54077710e-01
   6.55845053e-02  1.59282718e-01  2.30619082e-01 -1.78311038e-01
   5.97512720e-01  1.73366453e-01  1.43483462e+00  6.99477364e-01
   3.18406136e-01  6.86369654e-01  4.16901464e-02]
 [ 8.73626578e-01  5.37212311e-01  3.99777663e-01  8.35044956e-01
   3.95528825e-02  4.77813114e-01  1.69962131e-01  8.45165684e-01
   7.20583241e-01  2.41258167e-01  3.32516505e-01  2.17368768e-01
   9.19371352e-01  6.56534115e-01  8.69080587e-01]
 [ 3.33469943e-03  5.19921250e-01  8.85953920e-01  5.68184903e-01
   7.97152322e-01  4.60364147e-02  4.56249798e-01  1.81895540e-01
   8.07174268e-01  2.96268254e-01 -5.11484019e-01  8.43003693e-01
   4.85763772e-01  6.76924096e-01  1.18066098e-01]
 [ 9.44297155e-01  3.31832653e-01  5.13963884e-01  4.37361970e-01
   8.51024982e-01  2.61474875e-01  3.66127386e-01  1.20831904e+00
   9.42741506e-01  9.95687700e-01 -1.21392259e+00  3.22270191e-01
   4.65475892e-01  6.25523794e-01  3.18958598e-02]
 [ 1.37705646e-02  7.90447409e-01  4.46055959e-01  2.73532866e-01
   5.08817288e-01  5.12965868e-01 -1.01196604e+00 -1.15545266e+00
  -3.55815086e-02  2.19385951e-01  8.76413303e-01  4.83520765e-01
   4.50597744e-01  7.39416762e-01  2.68826298e-01]
 [ 5.16413256e-01  3.05110693e-01  3.97846632e-02  6.53253900e-01
   5.04679446e-01  4.01540838e-02  2.02185642e-01  6.76195158e-01
   6.50727240e-01  6.06815508e-01  2.86684011e-01  2.39948167e-01
   6.47494221e-01  6.53502718e-01  2.26567603e-01]
 [ 3.74029935e-01  1.41742271e-01  8.36356727e-01  2.13738568e-01
   3.05355300e-01  3.59985023e-01  1.21477807e-01  2.57926062e-01
   3.19652184e-01  8.79015043e-01  7.59346975e-01  5.26201757e-01
   2.08688801e-01  6.06323512e-01  7.81548093e-01]
 [ 1.83272833e-01  3.84947541e-01  5.14969103e-01  7.41012897e-01
   1.91495691e-01  1.37287632e-01  7.72072673e-01  8.94579096e-01
   9.67874493e-01  8.79581578e-03  6.90621143e-01  4.68317169e-01
   9.38059825e-01  4.67444693e-01  5.22441635e-01]
 [ 2.94222910e-01  3.32480001e-01  5.88546801e-01  2.35085553e-01
   9.83120428e-01  1.95327356e-02  9.80263217e-01  2.52494913e-01
   2.16576713e-01  3.15316342e-01  9.34121613e-01  9.06143838e-02
   7.67400166e-01  6.55393645e-01  6.32292668e-02]
 [ 5.60464911e-01  5.27382945e-02  2.28558892e-02  1.68247275e-01
   2.40752552e-01  4.42974559e-01  1.56409183e-01  4.28198912e-01
   5.52413728e-01  1.19504883e-01 -1.20983480e+00  3.51356041e-01
   9.35813349e-01  2.01561571e-01  8.35005646e-01]
 [ 9.15312451e-01  1.95281619e-01  5.41199152e-01  5.11181008e-01
   6.32619537e-01  4.38667383e-01  6.59140296e-01  8.80745340e-01
   9.75314661e-01  1.77516149e-01  2.55728083e-01  1.50360655e-01
   6.68786971e-01  9.33481014e-01  4.65335659e-01]
 [ 2.00816855e-01  9.00362212e-01  9.41538476e-01  8.26458364e-01
   1.33192965e-01  4.23859832e-01 -8.33737074e-01 -7.32198646e-01
   2.94712527e-01  2.49170385e-01 -2.56022118e-01  6.12237550e-01
   8.44933530e-01  9.26597848e-01  5.69233901e-01]
 [ 4.12877727e-01  7.15408500e-01  8.41315933e-01  8.24286816e-01
   6.28395959e-01  3.13218169e-01  8.50170022e-01  2.13872700e+00
   7.33596618e-01  8.98628988e-01  4.30701943e-01  2.75705444e-01
   7.40953498e-01  2.84300703e-01  9.80942820e-01]
 [ 5.55670256e-01  5.43535562e-01  4.18209753e-01  3.01778826e-01
   1.88472777e-01  6.58910922e-02 -2.42959412e-01 -4.73191165e-01
   1.78194284e-01  2.33633506e-01  6.44382506e-01  7.41249285e-01
   9.28140484e-01  1.42494616e-01  3.52341088e-01]
 [ 6.96478924e-02  1.06909386e-02  6.26502317e-01  8.80744819e-01
   8.88800842e-01  9.98305446e-01  9.07971727e-01  2.66665984e-01
   9.81940394e-01  8.70007831e-01  5.51049568e-01  8.97696218e-01
   7.90736661e-01  4.14689999e-01  8.67101583e-01]
 [ 5.24271192e-01  9.09243213e-01  3.88606676e-02  1.15663480e-01
   2.60499532e-02  6.13760364e-01 -7.37292585e-03  9.12116377e-01
   4.51838858e-01  6.13466939e-01 -1.79030398e+00  4.65374737e-01
   2.57185800e-01  9.15506596e-01  4.81803782e-01]
 [ 4.22744700e-01  1.83827360e-01  2.10726165e-01  9.19439160e-01
   4.36871860e-02  8.03075889e-01  7.48089624e-01 -9.71352522e-01
   6.82409548e-01  3.75759913e-02  1.70710679e-01  4.90398907e-02
   4.14713502e-01  8.78856627e-01  2.63275526e-01]
 [ 2.48453517e-01  1.00366005e+00  5.42152607e-01  2.84038583e-01
   8.93318982e-01  8.18852444e-01  6.81752032e-01 -1.61263234e-01
   7.51551577e-01  9.64015251e-01 -3.45230427e-01  5.45839797e-01
   8.13931850e-01  6.98655910e-01  2.90074004e-02]
 [ 9.60574200e-02  5.21478995e-01  7.37532141e-01  2.12148593e-01
   6.20176016e-01  9.87704999e-01 -7.02739385e-01 -3.48529123e-01
   5.53963810e-01  7.01855105e-02 -8.21491222e-02  1.63286230e-01
   3.42691224e-01  8.16600916e-01  8.70272871e-01]
 [ 2.24780935e-01  3.52200474e-01  7.14058303e-01  1.29205414e-02
   4.28796283e-01  8.58191393e-02  1.43106035e+00  2.04677049e+00
   4.71392014e-01  6.31465975e-02  4.17755353e-01  5.87241621e-01
   8.28892885e-01  7.72835081e-01  4.46478262e-01]
 [ 6.68347119e-01  1.43812392e-01  2.99317736e-01  6.05519953e-01
   5.05792463e-01  2.17954601e-01 -4.06644402e-01 -3.81727502e-01
   8.66187831e-01  5.65915843e-01  4.16898221e-01  1.20396308e-01
   5.97044989e-01  7.37153746e-01  6.22292312e-01]
 [ 3.64243860e-01  8.77015915e-01  9.25545564e-01  3.31472040e-01
   4.89097764e-01  8.47879222e-01  6.24043363e-01 -2.84189634e-01
   6.65154759e-01  6.85576340e-01 -7.82131149e-01  7.85007309e-01
   1.47434710e-01  8.98344383e-01  9.57781088e-01]
 [ 7.27142026e-01  2.41826913e-01  2.46243987e-01  8.15242807e-01
   5.20685116e-02  3.10218872e-01  1.14673722e+00  6.85940439e-01
   2.96337076e-01  9.94998334e-01 -1.12533448e+00  6.51703045e-01
   9.18740217e-01  7.34037758e-01  9.43453962e-01]
 [ 1.40135286e-02  4.02787174e-01  5.30522719e-01  5.92669098e-01
   2.77409881e-01  9.78640089e-02  9.95898238e-01 -1.47471756e-02
   3.87043200e-02  4.45196154e-01  3.15221354e-01  1.44726958e-01
   5.45633109e-01  6.37506983e-01  8.21766540e-01]
 [ 8.88397423e-02  8.99141235e-01  3.53793531e-01  3.67864087e-01
   2.80541770e-01  2.04457172e-01  6.49177259e-01  1.34849475e+00
   6.80001270e-01  4.38248440e-02 -4.16525040e-01  5.41209114e-01
   2.64928738e-01  1.35949770e-01  2.59458845e-01]
 [ 2.92079690e-01  2.20281994e-01  3.05800349e-01  1.23818685e-01
   2.00248498e-01  6.35886726e-01 -5.28014301e-01  1.92022955e+00
   5.30153912e-01  1.02435853e+00 -1.25026756e+00  3.95896009e-01
   4.58366051e-01  1.85816936e-01  3.69688588e-01]
 [ 2.67069423e-01  6.50526323e-01  8.97626632e-01  6.98892023e-01
   7.73207110e-01  9.55649466e-01  1.19914468e+00  7.33960343e-02
   9.09785931e-01  2.96515794e-01  1.72872161e+00  7.04211458e-01
   6.67980656e-01  8.55860920e-01  3.58073943e-01]
 [ 8.51105654e-01  4.62969976e-02  5.28985824e-01  2.15786020e-01
   4.81424104e-01  6.98389877e-01 -8.26385147e-02 -4.96203797e-01
   9.29316858e-01  3.66692787e-01  4.75256025e-01  4.68038084e-01
   5.99781321e-01  7.31530000e-01  5.35722643e-01]
 [ 1.73387123e-01  5.71546932e-01  2.88280744e-01  7.63708518e-01
   4.39475568e-01  8.10246905e-01  6.76974676e-01  4.77987882e-01
   3.72041021e-01  7.70233729e-01  1.04668396e-01  6.52300022e-01
   3.88489493e-01  8.71756411e-01  2.19143009e-01]
 [ 8.79376830e-01  5.53888076e-01  2.15449210e-01 -7.82263989e-03
   6.88769100e-01  5.73295466e-01  4.47672850e-01  7.42124892e-01
   7.28451524e-01  7.09529400e-02 -7.84692240e-01  7.33466720e-01
   9.23775184e-01  1.70233315e-01  9.98361401e-01]
 [ 5.44645213e-01  1.68928828e-03  4.35400744e-01  9.78564548e-01
   4.95079523e-01  3.29709174e-01  4.36762141e-01  8.79951270e-01
   5.22272959e-01  1.58521987e-01 -4.92320425e-01  7.50903694e-01
   1.85920217e-01  3.73084741e-02  5.15070454e-01]
 [ 6.58051343e-01  1.98699469e-01  7.04514492e-01  7.23665325e-01
   6.54734828e-01  2.54854165e-02  5.29029883e-01  5.11399134e-01
   6.80228011e-01  5.87222098e-01  3.13337352e-01  4.01054127e-01
   6.05164511e-01  7.86184002e-02  5.88273899e-01]
 [ 4.15203227e-01  5.31149526e-01  6.26514938e-01  9.16411528e-01
   5.49566038e-01  4.41475701e-01 -5.81088982e-01 -1.14021332e+00
   8.29654375e-01  7.54716020e-02 -5.50090039e-01  8.43887611e-01
   3.64535458e-02  7.38895334e-01  5.77199481e-01]
 [ 7.41089259e-01  6.15405079e-01  5.21903355e-01  9.21309569e-01
   4.19703873e-01  9.88670649e-01  1.19513865e+00  1.62247964e+00
   1.65358754e-01  6.27934758e-01 -1.03016155e-02  1.85657431e-01
   9.79876960e-01  2.64195288e-01  4.50637918e-01]
 [ 9.77582208e-01  8.51753675e-01  2.71854414e-01  6.64585542e-01
   4.17494911e-01  6.39819830e-01  3.87649580e-01  4.03456867e-01
   7.82882521e-01  7.45637375e-01  5.21048101e-02  5.94961734e-01
   6.70601237e-01  6.03929674e-01  1.91602188e-01]
 [ 9.37968130e-01  1.99044321e-01  6.69005451e-01  7.84713590e-01
   5.05385138e-01  2.48513250e-01  6.82149385e-02 -6.64039892e-01
   6.69550341e-02  6.26188089e-01 -1.14899607e+00  7.34781933e-01
   1.17996392e-01  8.43326401e-01  1.31944974e-01]
 [ 3.96282002e-01  2.07019872e-01  5.24945985e-01  1.01733948e-02
   2.36330147e-01  2.41811525e-03  5.92930152e-01 -1.91087342e-01
   7.52373510e-01  5.56659825e-01  6.21484760e-01  1.91742745e-01
   4.85908361e-01  2.89381731e-01  8.41206457e-01]
 [ 3.81938477e-01  7.03885943e-01  2.22930749e-01 -1.65469619e-02
   2.20907096e-01  1.21999397e-01  8.01951158e-01 -6.11788422e-01
   9.69112508e-01  1.17932496e-01 -9.24307311e-01  2.69517400e-01
   5.03210148e-01  8.37286683e-01  9.90852155e-01]
 [ 5.61116776e-01  6.99427911e-01  2.74674983e-01  8.78425188e-02
   2.23367284e-01  4.85056442e-02  2.22635610e-01  6.85197325e-01
   7.84000449e-01  6.09970078e-01  5.01455654e-02  5.71462819e-01
   9.29746305e-01  5.73973676e-01  3.00179459e-01]
 [ 9.78658097e-01  9.39471686e-01  7.68404067e-01  8.18980072e-01
   2.24068865e-01  2.13675720e-01 -1.03038790e+00 -1.14541339e+00
   6.13145600e-01  9.47096261e-01 -1.02785419e+00  3.95722078e-02
   4.90082477e-01  9.82723602e-01  1.51569286e-02]
 [ 6.33491632e-01  9.76673694e-01  8.04774909e-01  9.10767660e-01
   4.95363665e-01  7.80796388e-01  5.62366863e-01  2.66939967e+00
   1.53551632e-01  8.71904918e-01  8.33345024e-01  8.64616407e-01
   1.91352753e-01  8.95953290e-01  4.59425493e-01]
 [ 7.47122281e-01  7.38053736e-01  5.26246458e-01  6.53671753e-01
   6.37138541e-01  7.73460480e-01  1.06708140e+00 -1.32929912e-01
   7.22965682e-02  2.10948466e-01 -5.91984602e-01  9.29529406e-01
   5.76159414e-01  1.65805069e-01  4.34175346e-01]
 [ 9.47114087e-01  4.30862204e-01  1.49700545e-01  9.22492846e-01
   5.32387796e-01  8.71582265e-01 -9.01195298e-01 -1.05840313e+00
  -4.44272860e-02  2.21419669e-01 -1.06333643e-01  9.05299845e-01
   6.72502606e-02  8.85264176e-01  4.75158651e-01]
 [ 1.07975768e-01  4.34252877e-01  3.27014751e-01  6.74375436e-01
   9.70441620e-01  4.10465360e-01  3.86263407e-01  9.73630003e-01
   6.29864986e-01  9.20115620e-01  5.10150475e-01  6.71648913e-01
   2.09539448e-01  8.58034847e-01  9.48770366e-01]
 [ 6.04665213e-01  2.30275393e-01  7.97661760e-01  1.13772945e-01
   6.15274306e-01  1.06311098e-01  4.75118535e-01  4.41218575e-01
   4.96951302e-02  5.94676723e-01  4.20259987e-01  7.83666481e-01
   5.66805204e-01  4.85676675e-01  2.61185013e-02]
 [ 8.82380116e-02  3.09476865e-01  7.96557291e-01  8.37153773e-02
   9.25000516e-01  3.04348238e-01  6.71349422e-01 -3.60669363e-02
   4.97270879e-01  6.83407379e-02 -5.92568782e-01  7.59977573e-01
   2.54535342e-02  9.34788386e-01  5.26488863e-01]
 [ 2.39836637e-01  7.00355382e-01  6.93953727e-01  3.20479811e-01
   8.85805775e-01  4.74171604e-01 -8.13616385e-01 -4.46569198e-01
  -3.35562625e-03  8.06701283e-01 -3.10534213e-01  3.66205614e-01
   8.77746994e-01  7.94766264e-01  4.02573428e-01]
 [ 3.86137555e-01  1.86202894e-01  6.96366111e-01  7.38687986e-01
   1.34036044e-01  5.04537269e-01 -3.33454789e-02  7.25234115e-01
   6.28037644e-01  2.28724781e-01 -3.81589172e-01  8.32804448e-01
   1.26366956e-01  8.83928288e-01  7.31205100e-01]
 [ 9.22429780e-01  7.34306610e-01  9.07098998e-01  7.72444856e-02
   7.57280119e-01  5.08773576e-01  1.14516220e+00  1.31066666e-01
   4.70034097e-01  9.51008697e-02 -9.61664922e-01  2.30545591e-01
   2.45179788e-01  2.19613238e-01  6.13016805e-01]
 [ 9.58137423e-01  7.48536976e-01  7.66090887e-03  8.49757511e-01
   5.38169386e-01  9.42341371e-01  1.04962913e+00  6.00154740e-01
   8.42783322e-01  2.61293444e-01  1.87084862e-01  9.94600473e-02
   1.68324185e-01  8.11275587e-01  7.16189750e-01]
 [ 9.16031476e-01  1.27626038e-01  6.48757461e-01  9.11542775e-01
   8.54689106e-01  8.19619982e-01 -1.00449885e+00 -7.89291641e-01
   7.62104631e-01  4.22795468e-01  3.01525766e-01  7.63445983e-01
   4.66569056e-01  3.46963024e-01  2.86722483e-01]
 [ 9.06651322e-01  4.09977146e-01  9.38592536e-01  2.47823474e-01
   2.72859901e-01  7.72565393e-01 -1.00358562e+00 -1.76284503e+00
   8.89079266e-01  8.67173804e-01  1.68398349e+00  5.66722903e-02
   4.44482641e-01  2.24092763e-01  6.74360443e-01]
 [ 2.44210510e-01  4.79626442e-01  9.04848445e-01  5.43603784e-01
   1.03776179e-01  4.17067519e-01 -1.11230588e+00 -1.53633183e+00
   1.62336363e-01  3.33351699e-01  1.13236486e+00  4.64547880e-01
   6.73511537e-01  7.98879269e-01  6.45873287e-01]
 [ 7.45122601e-01  7.35593555e-02  2.71562518e-02  5.30731107e-01
   6.52022764e-01  4.57536713e-01  2.13144253e-01  2.66213657e-01
   2.81627165e-01  7.54022510e-01 -1.14778951e+00  7.70577682e-02
   1.54029322e-01  4.89397476e-01  6.79958632e-01]
 [ 2.11289771e-01  9.22934490e-01  7.47391016e-01  1.07378496e-02
   8.98589688e-01  2.35563793e-01  4.37678369e-01 -3.61674149e-01
   1.58469965e-01  5.35629652e-02  4.81648200e-01  6.48946343e-01
   4.69018489e-01  1.54777018e-01  9.92101680e-01]]