Pesos de entrada para a camada de saída apos o treinamento: 
[[ 1.79116263e-01 -1.70172578e+00 -3.55091385e-02 -1.75086908e+00
  -1.05717222e+00  6.37521578e-01 -5.33315198e-01]
 [ 3.27174652e-01 -1.68172561e+00 -7.59082418e-01 -2.06535324e+00
  -1.33849464e+00  3.60240044e-01 -4.48807370e-01]
 [-5.09292345e-01 -1.79845587e+00 -8.51848013e-01 -1.48115365e+00
  -8.13552418e-01  3.38496196e-01 -3.34328502e-01]
 [-4.49046630e-02 -1.46934598e+00 -8.61846855e-01 -2.15383249e+00
  -8.80126208e-01  6.89784846e-01 -8.71679790e-01]
 [-5.39532556e-01 -1.17792729e+00 -7.96809842e-01 -2.38034888e+00
  -8.45026616e-01  4.13205783e-01 -1.38779274e-01]
 [-3.66990311e-01 -2.11011995e+00 -5.93783043e-01 -2.29826183e+00
  -3.94313148e-01  6.67939769e-01 -5.97508525e-01]
 [ 8.76120579e+00 -1.29323314e+00 -6.14343706e+00  7.64271339e+00
   1.11663294e+01 -1.06159175e+01  5.99521743e-01]
 [-1.13942072e+01  2.14743863e+01 -1.22070875e+01  1.01988614e+00
  -1.92999085e+01 -1.56854445e+01  1.00240545e+01]
 [ 1.68847289e-02 -1.42856496e+00 -2.54814995e-02 -2.06227098e+00
  -1.13135067e+00 -1.62204088e-02 -1.79670415e-01]
 [-3.35379659e-01 -1.73526698e+00 -4.78368980e-01 -2.15356694e+00
  -8.39520994e-01  5.09098499e-01 -3.99980929e-01]
 [-1.43651182e+01  7.01660550e+00  1.01318027e+01  2.11214568e+01
   8.09503410e+00 -9.50901204e+00 -1.50322498e+01]
 [-3.04428072e-01 -1.59270369e+00  1.16952182e-01 -1.56314257e+00
  -1.35706598e+00  1.53466096e-02 -2.78967318e-01]
 [-4.37312943e-01 -1.30196353e+00  7.23437866e-02 -2.25593722e+00
  -1.35047260e+00  4.20386186e-01 -8.76869718e-02]
 [-4.87483095e-01 -1.28608174e+00 -5.00143823e-01 -1.58795106e+00
  -1.11766350e+00  7.20825558e-01 -8.36520524e-01]
 [-2.80852074e-01 -1.76585409e+00  2.90506058e-02 -2.05518660e+00
  -7.10787852e-01  2.20447365e-01 -2.16212995e-01]]