Pesos de entrada para a camada de saída apos o treinamento: 
[[-2.36185538e-01 -1.74891061e+00 -1.36030502e-01 -9.75950506e-01
  -9.57626828e-01  2.59112456e-01 -5.09911318e-01]
 [ 8.16227463e+00  7.73449599e+00 -8.17060957e+00  8.02650689e+00
  -8.58355359e+00  6.72916264e-01 -7.56892276e+00]
 [-2.05623666e-01 -1.08740814e+00 -5.87636712e-03 -1.24306619e+00
  -6.78651058e-01  2.87746796e-01 -6.65512455e-01]
 [-8.27224694e+00  7.26817989e+00  7.46968795e-01  1.86939285e+00
   7.87412927e+00 -4.31581541e-01 -8.03851659e+00]
 [ 6.04550544e-01  7.97528345e+00 -8.31777122e+00 -8.21988736e+00
   8.00346787e+00 -1.81313484e+01  7.38972493e+00]
 [-3.26226761e-01 -1.74753791e+00  9.56692505e-02 -5.32286323e-01
  -1.16880660e+00  4.37230174e-01 -4.15948030e-01]
 [-7.93731630e-01 -1.49446952e+00 -5.07021899e-01 -8.09189798e-01
  -1.21993664e+00  8.17787660e-01  1.64051865e-01]
 [-3.57678993e-01 -1.00211921e+00  4.45002638e-01 -5.43304646e-01
  -9.70376336e-01  3.22636594e-01 -4.90631585e-01]
 [-1.57849240e-01 -1.73785383e+00  3.77045907e-01 -1.13531130e+00
  -1.14052734e+00 -5.37511253e-02 -6.17190382e-01]
 [-8.63684037e-01 -1.54547380e+00 -3.95698273e-01 -1.50891191e+00
  -1.19712627e+00  1.89732037e-01  2.99068814e-01]
 [-6.52072857e-01 -1.62588320e+00  4.75041651e-01 -9.15801653e-01
  -9.74595279e-01  9.19067919e-01  2.83130981e-01]
 [-1.01288449e+00 -1.11866586e+00 -1.56820290e-01 -7.93384599e-01
  -1.13841775e+00 -5.40679501e-02 -4.54399286e-01]
 [-3.10552191e-01 -1.90486656e+00 -5.25785327e-02 -1.36294431e+00
  -3.78915956e-01  2.55827180e-01 -6.85935024e-02]
 [-1.17475143e-01 -1.67469726e+00  9.60595946e-02 -1.33643256e+00
  -6.38357851e-01  4.28010840e-01 -8.33332576e-02]
 [ 9.22463173e-01 -1.55523338e+00  2.98872551e+00  5.91271400e+00
  -7.55204594e-01 -8.07995687e+00 -5.88753445e-01]]