Pesos de entrada para a camada escondida apos o treinamento: 
[[ 2.52898244e-01 -8.77598740e-02  6.15011439e-01  4.71299404e-01
   1.17117581e+00  5.45931482e-01  9.18787933e-01  5.32416788e-01
   1.48726405e-01  7.87009137e-01  4.25500449e-01  9.11148321e-01
   7.11739910e-01  6.62474998e-01  9.79753659e-01]
 [ 6.31781085e-01  1.50825278e-01  5.96014041e-01  5.92915127e-01
   1.05022866e+00  6.66036461e-01  7.54581469e-02  7.28580430e-01
   2.86339000e-01  8.16106079e-01  3.88166235e-01  9.99374548e-01
   2.27877118e-01  1.11268098e-01  2.35686775e-01]
 [ 5.89007806e-02 -8.10228446e-01  1.19671658e-01  1.71542029e-01
   4.54616894e-01  1.95213579e-01  6.46212688e-01  1.19622970e-01
   8.06946352e-01  4.74213968e-01  5.29351122e-01  3.44236578e-01
   3.19059657e-01  5.32611114e-01  1.10282799e+00]
 [ 7.62680208e-01  8.40958731e-02  8.44887467e-01  6.77591632e-01
  -8.00157959e-01  7.38069083e-01  1.85014402e-01  4.93761650e-01
   8.09566401e-01  3.85660411e-01  6.31121710e-01  1.12037656e-01
   7.27466071e-01  2.27228826e-01  4.99471782e-01]
 [ 3.29779881e-01  4.42534220e-01  5.48721145e-01  1.86854851e+00
  -1.04674646e+00  1.61014926e-01  9.76087393e-01  8.93427160e-01
   1.02800588e-01  8.97499644e-01  8.27714223e-01  9.12279024e-01
   8.53176348e-01  3.05577674e-01  4.60647646e-01]
 [ 2.15831882e-01 -7.09511476e-01  9.47262069e-01  5.55913793e-01
   1.24432685e-02  1.00983401e+00  4.88770793e-02  1.69400738e-01
   2.69761620e-01  8.60609587e-01  9.17688776e-01  8.10827707e-01
   7.73905377e-01  4.89105108e-01 -5.79115171e-01]
 [ 6.12328596e-01 -8.08925465e-01  8.94802708e-02  2.97229395e-01
  -7.21933200e-01  1.58196166e-01  7.23875870e-01  1.45616990e-01
   6.80545225e-01  1.01784831e-01  1.62037832e-01  9.31068511e-01
   2.24244866e-01  4.99188980e-01 -3.68335399e-02]
 [ 5.02451789e-01  5.57745246e-01  5.95218990e-01  2.24345112e-01
   1.83257821e-01  4.95947882e-01  6.75848923e-01  6.62783333e-01
   1.79760468e-01  6.52615307e-01  2.50441448e-01  5.34645452e-01
   4.40531807e-01  4.58926382e-01  1.08571217e-02]
 [ 4.11325542e-01 -1.71818710e+00  9.10426177e-01  3.48854396e-01
   5.30101791e-01  9.12539998e-01  2.74424884e-01  5.73031578e-01
   6.75577537e-01  7.96121314e-01  1.32028683e-01  2.87794201e-01
   6.50477587e-01  6.15673858e-02  1.16599771e+00]
 [ 1.80134753e-01  3.68703397e-01  3.61876556e-01  6.66064918e-01
   5.00367558e-01  1.62976175e-02  6.79972845e-01  4.03464081e-01
   2.03466630e-01  7.08695490e-01  1.67408383e-01  3.05617087e-01
   1.37911023e-01  1.05411879e-01  6.92860735e-01]
 [ 6.01479848e-01  1.28814518e+00  3.00415822e-01 -7.70931029e-01
   3.55308389e-01  8.16923477e-01  9.49700016e-01  3.82718421e-02
   8.32178012e-01  2.68373285e-01  6.36961619e-01  7.41240358e-01
   1.64783849e-01  7.38756373e-01  7.88580653e-01]
 [ 6.44009149e-01 -3.97633633e-01  4.08622479e-01 -3.53289900e-01
   1.09724369e+00  8.35871014e-01  6.04761106e-01  4.83484223e-01
   9.29390822e-01  3.44868510e-01  7.14609875e-01  1.97609563e-02
   8.33870685e-01  8.82539508e-01  3.90539367e-01]
 [ 1.45551795e-01  4.00938546e-01  3.81391618e-01 -1.63418468e-01
  -6.72751823e-01  4.30576500e-01  9.01073875e-01 -2.02042605e-02
   6.96167670e-01  5.23478700e-01  9.92513999e-01  3.37973101e-02
   6.56415592e-01  3.61078303e-01 -8.40726991e-01]
 [ 1.16991101e-01 -2.27617106e-01  2.88906603e-01  1.23239100e+00
   6.15689473e-01  7.70700240e-01  8.87648547e-01  1.21274814e-01
   8.29965656e-01  1.44494926e-01  7.94516040e-01  4.09917735e-01
   6.59427148e-01  6.57062512e-01  1.00681454e+00]
 [ 8.30768661e-01 -7.51820726e-01  5.44589255e-01 -3.08435072e-01
   4.08107292e-01  7.32930350e-01  4.17765410e-01  5.92440658e-02
   6.74169976e-01  1.21909082e-02  2.52132052e-01  8.12899329e-01
   4.15957615e-01  7.23840091e-01  7.43746572e-01]
 [ 8.62874059e-01 -2.33693522e-01  9.61725406e-01  8.50280284e-02
   3.24689317e-01  1.22715933e-01  7.98760989e-01  6.24416496e-01
   9.88522967e-01  9.41278729e-01  3.51542288e-01  4.16821910e-01
   9.37819710e-01  6.22008563e-01  7.70863522e-01]
 [ 6.07021324e-01  5.34721112e-01  9.54059700e-01 -5.28283556e-02
   7.02265120e-01  2.13041348e-01  9.44425098e-01  2.77845090e-01
   8.75618823e-01  8.27573289e-04  8.00167041e-01  2.70086937e-01
   6.11519538e-01  5.48075138e-01  4.24517078e-01]
 [ 8.52205946e-01  1.14890489e-01  3.00012486e-01 -6.61486807e-01
   7.71293560e-01  8.32897468e-01  4.21555466e-01  2.30006580e-01
   2.40716684e-01  1.35233152e-01  3.41031851e-01  6.54745190e-01
   3.55764200e-01  5.54432222e-02  9.46866399e-01]
 [ 3.39919712e-01 -5.98114514e-01  9.91527923e-01 -6.62140730e-01
   8.61226385e-01  9.67437226e-01  6.95672931e-01  5.07454488e-01
   5.84097016e-01  7.49024732e-01  9.96122734e-01  9.23977085e-01
   1.71769487e-01  7.73942009e-01  5.25437244e-02]
 [ 6.71463805e-01  6.84786624e-02  5.52032797e-01  2.71245898e-01
  -5.99407743e-01  6.58399828e-01  9.30312977e-01  2.44062491e-01
   1.02626462e-01  1.29290318e-01  6.95359430e-01  2.66383491e-01
   9.27551303e-01  5.49873939e-01 -1.03094224e+00]
 [ 7.75704848e-01  1.89389283e+00  8.49013352e-01  5.17804530e-01
   1.02140372e+00  9.42274229e-01  9.87727827e-02  8.70952375e-01
   2.55121854e-01  6.25924286e-01  6.99191528e-01  2.39081047e-01
   3.50493941e-01  9.76157560e-01  6.61703305e-01]
 [ 1.78907729e-01 -7.44631699e-01  3.60633839e-01  4.49172366e-01
   4.00767227e-02  5.19682702e-02  1.67649953e-01  1.96731410e-01
   7.03320107e-01  6.63446720e-01  1.98590613e-01  7.91110072e-01
   8.84551071e-01  7.68718892e-02  2.96169054e-01]
 [ 7.56929443e-01  2.96466259e-01  4.13720415e-01  1.87069129e-01
   4.50931804e-01  4.75667895e-01  7.79767631e-01  1.61036745e-01
   2.30934215e-01  5.84969015e-01  3.98081951e-01  6.08124728e-01
   1.08939384e-01  9.76502004e-01  3.07642201e-01]
 [ 3.32277397e-01  1.66356201e-01  2.02774401e-01 -9.60745321e-01
   1.23076872e+00  8.90074095e-02  7.67425494e-01  2.45637227e-01
   9.50865349e-01  9.68261964e-01  9.94503238e-02  3.02793167e-01
   1.75248999e-01  6.29850142e-01  6.80909818e-01]
 [ 8.11836789e-01 -6.74052338e-02  7.72173476e-01  2.65731310e-01
   1.80748048e+00  4.43788661e-01  6.58126322e-01  9.21696487e-02
   9.08893324e-01  8.13588808e-02  7.98513396e-01  6.48268454e-01
   1.28800014e-01  1.39709798e-01  3.54352947e-01]
 [ 2.23922657e-01  1.16371004e+00  9.37650461e-02 -2.01398959e-01
   1.04756521e+00  6.80507532e-01  8.45267144e-01  8.66222636e-01
   6.91489935e-01  5.23319411e-01  2.94482689e-01  7.10657248e-01
   7.07372931e-01  1.76702608e-01  7.57439251e-01]
 [ 2.05508818e-01  7.50275113e-01  5.74737514e-01  3.10393871e-01
   1.66693037e-01  4.50525843e-01  7.82523372e-01  7.86794179e-01
   6.12926195e-01  7.58090508e-01  3.22761211e-01  9.10211299e-01
   1.94955738e-01  3.37285067e-01 -2.04517161e-01]
 [ 1.31657169e-01  1.97446171e+00  4.10947456e-01  2.55978223e-01
  -9.72395480e-01  3.17620553e-01  1.22047900e-01  2.19503106e-01
   5.79649906e-01  5.56421867e-01  6.66275426e-01  3.51696627e-02
   5.07120128e-01  4.76189895e-01  7.53624579e-01]
 [ 8.44994357e-01 -5.51413974e-01  5.85124965e-01 -3.95020703e-02
   1.04265934e-02  8.41650174e-01  2.77050538e-01  8.30711460e-03
   3.02260592e-01  6.43256095e-01  5.86522328e-01  4.42066178e-01
   3.69328657e-01  4.14816446e-01  9.44787779e-01]
 [ 2.51683310e-01 -6.33608376e-01  9.58025182e-01  1.99901648e-01
   1.19721323e+00  3.95968170e-01  7.67741792e-01  1.67441464e-01
   8.57067247e-01  1.28264420e-01  5.87873763e-01  3.94461493e-02
   7.38043958e-01  9.43395078e-01  4.84564242e-01]
 [ 2.90543209e-01  5.11021601e-01  4.83325183e-01 -9.96202476e-01
   1.66687028e+00  4.48759679e-01  8.33880202e-01  5.77206574e-01
   9.99867831e-01  5.76043702e-01  6.10476317e-01  5.33690290e-01
   5.89504880e-01  7.00000833e-01  4.65760069e-01]
 [ 5.16752203e-01  3.24161993e-01  1.99751315e-01  1.06212142e+00
   1.39503726e+00  3.48159132e-01  2.33002521e-01  4.63960644e-01
   6.98631029e-01  2.63509224e-01  4.84518580e-01  3.63162302e-01
   8.93264105e-01  8.88042163e-01  3.16706360e-01]
 [ 3.97106125e-01  6.89231277e-01  6.92352904e-01  9.22541013e-01
   9.73787886e-01  7.06729074e-01  8.09086358e-01  9.13268337e-01
   1.23317931e-01  5.15240498e-01  5.51412085e-01  1.51414553e-01
   1.33809324e-01  7.89331137e-01  3.41045571e-01]
 [ 5.78110410e-01  1.62931423e+00  5.26944530e-01  2.38327682e-01
   3.75136584e-01  1.63072576e-01  5.15206774e-01  1.50732529e-01
   5.94051202e-01  8.51759678e-01  8.80901051e-01  9.68931942e-01
   3.45742316e-01  5.40540076e-01 -9.49943224e-02]
 [ 2.83497010e-01  2.07230102e+00  9.33020729e-02  5.63096088e-01
  -1.10585656e+00  1.20025737e-02  4.43430541e-01  1.89591744e-01
   1.29206851e-01  1.11849559e-02  9.82585611e-01  3.79685745e-01
   2.19874700e-02  7.58468744e-01  8.14108209e-01]
 [ 5.54406583e-01 -1.12454787e+00  2.45230109e-01  1.32783723e-01
  -2.21849718e-01  3.57120752e-01  3.10581609e-01  6.65730562e-01
   5.93523975e-01  4.98866287e-01  9.57059121e-01  6.26357274e-01
   8.78552050e-01  8.05405424e-01  9.39675559e-01]
 [ 8.23962651e-01  2.88437019e-01  2.03218252e-01 -2.53761801e-01
   9.20702866e-02  8.32170711e-01  1.64769880e-01  1.00258338e-01
   5.90206326e-01  2.71369751e-01  4.46964085e-01  1.06467532e-02
   6.85985292e-01  9.67400709e-01  3.72361782e-01]
 [ 8.71288829e-01  6.96652644e-01  9.47631664e-01 -8.33217090e-01
   3.25793514e-01  8.80010196e-02  9.48931490e-01  1.92317004e-01
   5.76017654e-01  9.83801692e-01  9.87759531e-01  5.14162439e-01
   1.77554409e-02  4.41828718e-01  4.24294999e-01]
 [ 4.83913879e-01 -4.34771013e-02  6.96315034e-01 -4.85237632e-01
   4.54805790e-01  1.79094832e-01  8.92484385e-01  2.19673970e-01
   9.89104270e-01  8.40613253e-01  1.80604552e-02  5.39242695e-02
   2.84489460e-01  3.46442819e-01  2.14395925e-01]
 [ 5.83345656e-01  8.38543694e-01  3.51917548e-01  3.57999049e-01
  -1.32162116e-01  5.08830274e-01  5.93734090e-01  9.27933196e-01
   8.70175540e-01  6.38580580e-01  8.11196668e-01  4.70342843e-01
   8.34540499e-01  9.78603573e-03  1.60150667e-01]
 [ 6.58726493e-01  6.00221228e-01  8.20376037e-01 -7.93806687e-01
  -6.67008344e-01  6.11844454e-01  7.77453891e-01  3.08988679e-01
   5.65268237e-01  5.79105799e-02  2.44333055e-01  1.07925435e-01
   2.73514242e-01  1.04623522e+00 -3.90370986e-01]
 [ 9.36082740e-02  2.15819253e+00  4.70188772e-01  5.34777596e-01
  -4.11974620e-01  2.40304512e-01  9.48379089e-01  6.03010367e-01
   6.21280222e-01  5.53301592e-01  9.76616550e-01  9.03867314e-01
   8.87179596e-01  7.07481485e-01  3.49372323e-01]
 [ 4.13628111e-01 -1.08839158e+00  6.49016909e-01 -2.04533674e-01
   3.01181835e-01  9.37892749e-01  8.17315723e-01  8.75289373e-01
   8.11913403e-01  4.57946184e-01  9.46657287e-01  8.90061431e-01
   2.96880560e-02  6.07015250e-01  8.39154369e-01]
 [ 1.07345587e-01 -3.32636921e-02  2.80994548e-01 -5.76214255e-01
  -5.13227443e-01  4.78674592e-01  5.45102384e-01  5.94875182e-01
   5.62469933e-01  3.33909615e-01  9.70702797e-01  3.51951727e-01
   2.17105254e-01  6.57473695e-01 -4.09973384e-01]
 [ 8.31503103e-01  5.13350207e-01  9.64702762e-01 -8.89813945e-02
   1.30175427e-01  9.13518707e-01  1.49914387e-01  7.57035088e-01
   4.75288411e-01  8.45102374e-01  5.11061803e-01  6.27162690e-01
   2.33228028e-01  9.29806743e-01  8.00685133e-01]
 [ 3.76550449e-01  1.83560654e-02  3.53599354e-02 -1.12752498e+00
   8.39016234e-02  7.04212345e-01  2.66597398e-02  6.15442083e-01
   7.30990601e-02  9.86587410e-01  4.96843945e-01  3.66370970e-02
   2.15233696e-01  1.50094151e-01  5.95724237e-01]
 [ 5.73448604e-01  4.65806552e-01  4.51759877e-01 -1.10087071e+00
   7.45534148e-01  9.71706115e-01  6.24013893e-01  9.39088553e-01
   5.91401782e-01  8.57141689e-01  5.86830054e-01  9.43846637e-01
   3.69231006e-02  3.36487043e-01  4.27291147e-02]
 [ 2.85086599e-01  1.07288918e+00  5.56307707e-01 -5.10110828e-01
  -1.00497909e+00  3.15108674e-01  5.96871366e-02  6.58718986e-01
   5.29772835e-01  1.03744053e+00  4.22347879e-01  4.02387053e-01
   1.01102534e+00  5.76323830e-02 -2.66319379e-01]
 [ 1.80957539e-01  1.63622286e+00  3.44610074e-03  8.25133548e-02
   1.43297340e+00  8.58580544e-02  1.46466511e-01  3.78298537e-01
   4.82796551e-01  4.86199562e-02  1.76674292e-01  3.54885180e-01
   3.65223358e-01  2.74709819e-01  7.86055020e-01]
 [ 1.09449853e-01  6.27711235e-01  2.37082424e-01 -6.39960915e-01
   5.38271589e-01  8.95484363e-01  6.11544055e-01  5.31287905e-01
   2.69533725e-01  1.19380821e-01  5.28137668e-01  2.49835002e-01
   8.03919342e-01  7.26229212e-02  4.47617875e-01]
 [ 3.62421211e-01 -8.82635613e-01  6.02561975e-01 -3.76381295e-01
  -5.94603795e-01  5.61514948e-01  8.49845999e-01  9.42852791e-01
   6.15053247e-01  4.32055485e-01  7.46790665e-01  7.07036682e-02
   2.92988856e-01  1.90266202e-01 -6.82502189e-01]
 [ 7.69896367e-01  9.75346283e-01  8.40709988e-01  8.10834368e-01
   5.26933789e-02  4.55905647e-01  4.97014813e-01  2.13605138e-01
   4.29908519e-01  4.26541599e-01  5.96919280e-01  3.36239078e-01
   4.61160974e-01  2.70036130e-01  7.28384126e-01]
 [ 6.69322198e-01  8.81931420e-02  3.90765620e-01  6.58149645e-01
   1.07944884e-01  7.38974393e-01  1.27858116e-01  5.02481523e-01
   9.35918889e-01  6.93224218e-02  2.85905930e-01  4.96170378e-01
   4.19825346e-01  7.28312415e-01  4.69957308e-01]
 [ 1.37083931e-01 -2.22321761e-01  1.20846400e-01 -9.26829958e-02
   1.07060974e+00  9.08878649e-01  3.72318633e-01  6.06806835e-02
   2.04291543e-01  9.44453905e-01  8.64146877e-01  9.54432998e-01
   1.47305327e-01  3.89266997e-01  9.50564985e-01]
 [ 6.00647347e-01  6.02623526e-01  6.72936538e-01 -6.25805730e-01
  -1.36156184e+00  4.28168092e-01  7.14496454e-01  3.31665074e-01
   2.52263767e-01  3.33511862e-01  7.40098603e-01  4.90796229e-01
   6.60600231e-01  5.79880408e-01 -2.62349515e-01]
 [ 3.56641328e-01  5.07330554e-01  4.22446172e-02  7.23157118e-01
   6.22970013e-01  3.65102937e-01  2.52674891e-01  6.82721783e-01
   9.97021441e-01  1.03217552e-01  1.34509107e-01  3.65284937e-01
   1.54752702e-01  4.47963848e-01  4.41216975e-01]
 [ 6.55958982e-01  7.52558481e-01  8.62163751e-01 -4.84664495e-01
   2.34103439e-01  8.77706708e-01  3.28601177e-01  2.21210129e-01
   9.90165256e-01  8.56012917e-01  4.55564365e-01  7.63696755e-01
   5.73624530e-01  7.05879298e-01  5.21505440e-01]
 [ 6.77838488e-01  7.86108529e-01  6.76881246e-01 -6.72246284e-01
   1.45572001e-01  5.42663491e-01  8.50886527e-01  5.65561788e-01
   9.92942125e-01  1.28426579e-01  6.00042589e-01  5.45782583e-01
   7.90561356e-01  1.36541780e-02  7.21005182e-01]
 [ 3.71733227e-01 -4.52526424e-01  8.59760099e-01  2.44847820e-01
  -7.35949258e-01  7.02170547e-01  5.89051080e-01  3.85037312e-01
   8.35911694e-01  5.92542844e-01  4.48715695e-01  5.98319362e-01
   5.21908995e-01  8.46076631e-01 -3.84017193e-01]
 [ 6.79289376e-01 -5.25564287e-01  8.66748829e-01  1.25360854e+00
  -1.17499684e+00  1.53447356e-01  9.65201114e-01  1.65399765e-01
   2.53562053e-01  9.50570943e-01  9.96493432e-01  7.27784875e-01
   1.55389113e-01  5.39579671e-01 -4.53562548e-01]
 [ 8.20301595e-01 -5.49290404e-01  5.21491650e-01  1.81013698e+00
  -1.20308174e+00  2.22718142e-01  4.36680039e-01  7.26851811e-01
   3.74349530e-01  7.52196442e-02  2.04511866e-01  2.95704312e-01
   1.34354411e-01  8.66430041e-01 -5.01460864e-01]
 [ 3.82695110e-01 -4.82170157e-01  3.32437879e-01 -8.26683461e-01
   6.50175628e-01  1.91306191e-01  1.79382637e-01  2.99216991e-01
   6.26544108e-01  8.96841572e-01  3.46793224e-01  8.04022352e-01
   9.52296148e-01  4.35127465e-01  2.95987178e-01]
 [ 8.62451190e-01 -8.21216411e-01  4.36918749e-01 -3.67597541e-01
   1.54637142e+00  4.76403419e-01  9.27576105e-01  2.04365608e-01
   1.23891015e-01  3.82971870e-01  9.90670534e-01  8.95603061e-01
   1.97843216e-01  9.97095398e-01  6.72994030e-01]]