Pesos de entrada para a camada de saída apos o treinamento: 
[[-7.98620157e-01 -3.40556686e-01  1.93708316e-01 -3.06294980e-01
  -7.64586360e-01  6.92470495e-01 -1.41699078e+00]
 [-2.09865432e-01 -3.38745496e-01  1.22514095e-01  1.61466353e-01
  -5.74435716e-01  2.22372432e-01 -1.66791777e+00]
 [-6.53778873e-01 -1.03509937e+00 -3.43692462e-01 -4.51852473e-01
  -4.97552854e-01  3.29187355e-01 -1.74934016e+00]
 [-5.51487120e-01 -1.07233943e+00 -3.25662683e-01 -6.25171626e-01
  -1.21885964e+00  5.83185103e-01 -1.01434037e+00]
 [ 4.19431560e-02 -1.02798050e+00  5.04520036e-01  8.31079798e-02
  -4.70778354e-01  3.00727429e-01 -1.37201596e+00]
 [-8.58667998e-02 -6.73518283e-01 -2.84676827e-01  8.22073221e-03
  -1.19695250e+00  5.96942549e-01 -1.00707006e+00]
 [-1.57459785e-01 -6.41067514e-01  5.73555872e-01 -5.46860119e-01
  -1.14818942e+00  3.53720960e-01 -1.61685912e+00]
 [ 3.89707443e+00  5.71717558e+00 -2.27613149e+01 -2.28819629e-01
  -6.36350255e+00 -1.17690490e+01  2.06677438e+01]
 [-8.45642361e-01 -6.27484780e-01 -3.48275868e-02 -5.78384330e-01
  -8.83787463e-01 -1.94320306e-01 -1.37329351e+00]
 [-1.32832937e-01 -9.69107608e-01  4.85755134e-01 -6.41218603e-01
  -9.85480202e-01  2.09258825e-02 -1.64283101e+00]
 [-4.72778298e-01 -8.35065690e-01 -1.11829360e-01  3.38686874e-02
  -1.14946124e+00  2.60039788e-02 -1.21697827e+00]
 [ 3.54379555e-02 -1.08696270e+00 -2.44648924e-01  5.57330190e-02
  -7.28448425e-01 -2.01683921e-01 -1.31373175e+00]
 [ 3.16978985e-02 -5.65795617e-01 -8.72805351e-02 -6.63164428e-01
  -1.05057072e+00  3.72856979e-02 -1.58530909e+00]
 [ 3.01168811e+00  2.95417127e+00  4.25669546e+00  4.82846898e+00
   9.42836869e+00 -9.22685502e+00 -4.82864468e+00]
 [-8.12703355e+00  3.86819495e+00 -3.66913355e+00 -2.45687874e+00
   5.64622877e+00 -8.94002240e-02 -1.36666602e+00]]