Pesos de entrada para a camada escondida apos o treinamento: 
[[ 8.56262761e-01  9.56388921e-01  2.65446031e-01  8.02943828e-01
   4.71882181e-01  2.02502086e-01  7.81687682e-01  9.07896775e-01
   8.56530542e-01  5.86724262e-01  9.14950727e-01  8.31852184e-01
   5.13152065e-01 -3.77561144e-01 -1.28831191e-01]
 [ 3.17985865e-01  2.05736198e-01  2.54232902e-02  4.29677378e-01
   8.58596630e-01  2.71452437e-01  4.45554073e-01  1.05997232e+00
   3.13354602e-02  5.73494799e-01  2.36869559e-01  1.13070473e-01
   3.53376287e-01  9.09981202e-01  7.67967794e-01]
 [ 4.50332680e-01  9.85293071e-01  7.68878621e-01  2.42168498e-01
   3.70829564e-01  7.14362068e-01  4.51056213e-01  3.29757947e-01
   7.79834293e-01  8.11961166e-01  2.82920453e-01  1.12619330e-01
   3.44508273e-01  5.46794294e-01 -4.43189805e-01]
 [ 6.78411170e-01  3.97123014e-01  5.49231557e-01  1.57236778e-01
   8.80290037e-01  6.84473023e-01  8.38024713e-01 -1.71071745e+00
   7.82873750e-01  8.81282250e-01  8.50969331e-01  9.62616096e-01
   5.63471822e-02  1.06069771e+00 -7.05419156e-01]
 [ 7.77102812e-01  9.56451161e-01  2.04151779e-01  6.32394480e-01
   2.70052772e-02  6.08911975e-01  6.92152428e-01 -1.40185031e+00
   9.93229750e-02  8.58206748e-01  3.10597027e-01  8.93729464e-01
   9.49576319e-01  9.78038719e-01  2.72545801e-01]
 [ 4.84756406e-01  5.81026252e-02  6.90115966e-01  1.01401248e+00
   9.12417053e-01  6.40239108e-01  7.55025166e-01  4.39352802e-01
   8.64491464e-01  9.35429797e-01  2.58728389e-01  2.64954102e-01
   4.80497226e-01 -1.88073504e+00  9.44890922e-01]
 [ 5.26066313e-01  6.12220946e-01  1.77429650e-01  8.00325080e-01
   8.46959342e-01  4.51884774e-01  8.77121520e-01 -1.27591148e+00
   6.43575882e-01  8.85690692e-01  1.37453089e-01  3.55939864e-01
   6.54264866e-01 -2.62927825e-01  3.05622087e-01]
 [ 2.88352851e-01  5.76058891e-01  4.66876621e-01  6.56440118e-01
   3.40768258e-01  7.33979058e-01  3.42892157e-01  6.04397540e-01
   8.87581035e-01  9.05654193e-01  7.63501737e-01  2.65470994e-01
   1.62712946e-01  3.12664072e-03  4.40838601e-01]
 [ 4.91949188e-01  5.35259596e-01  2.66274082e-01  1.08393769e-01
   7.77405759e-01  8.13667592e-01  1.77954343e-01 -2.98102589e-01
   9.30731634e-01  9.74679938e-01  9.44188341e-01  8.81673149e-01
   7.02968818e-01 -2.62975631e-01  2.10454867e-01]
 [ 2.27831176e-01  2.11527901e-01  6.45079949e-01  1.85943143e-02
   2.67726455e-02  9.98876017e-01  8.53965281e-01  4.62351865e-01
   3.83345311e-01  6.22079717e-01  1.81644395e-01  8.55648364e-02
   8.41649642e-01  3.06744022e-01  7.81028611e-01]
 [ 7.27384542e-01  2.45015251e-01  9.01498402e-01  3.28111600e-01
   7.19911654e-01  8.94250010e-01  9.65507126e-01  5.61934398e-01
   4.52255302e-01  3.02777590e-01  5.98178972e-01  3.04998877e-01
   5.93466538e-01  4.08280018e-01 -5.10729536e-01]
 [ 9.53199556e-01  9.30518035e-01  1.73162993e-01  8.87584836e-01
   6.62640782e-01  2.36856353e-01  2.10188931e-01  1.25549471e+00
   1.75686021e-01  9.37236685e-01  6.87747242e-01  4.85696499e-01
   1.43330110e-01 -1.17644987e+00  5.39284771e-01]
 [ 4.63448858e-01  9.45428899e-01  3.60448070e-01  4.32591396e-01
   7.81953031e-01  4.99490256e-02  7.34414614e-01 -1.15835109e+00
   1.49778283e-01  2.55701107e-02  9.12270616e-01  4.32381979e-01
   9.61600888e-01 -8.48775673e-01  3.57927847e-01]
 [ 2.94753542e-01  2.53123593e-01  9.69433028e-01  4.69178001e-01
   2.42141787e-01  4.30030264e-01  7.59108478e-01  7.05115622e-01
   5.89592525e-01  3.68680708e-01  8.98756075e-01  6.34240410e-02
   3.63730823e-01  1.25809649e+00  3.13694914e-01]
 [ 7.87388722e-01  7.90100363e-01  1.02782935e-01  7.36833815e-01
   2.34271166e-01  9.33338713e-01  3.93753468e-01 -5.39308327e-02
   4.27925258e-01  8.80965846e-01  2.71100557e-01 -1.15793922e-03
   1.61343487e-02  3.45926716e-02  1.26653404e-01]
 [ 3.06026964e-02  6.24512815e-01  9.18205012e-01  6.29782960e-01
   2.77928282e-01  8.01684710e-01  2.74230510e-01  7.61542613e-01
   7.88613931e-02  2.82459979e-01  8.55267485e-01  1.44794908e-02
   9.47170993e-01  1.97789219e-01  4.91120912e-01]
 [ 8.01178783e-01  9.63235111e-01  4.51440300e-01  8.94164093e-01
   7.08912473e-01  9.46873752e-01  4.55347193e-01  1.81435608e-01
   5.33276303e-01  5.35978383e-01  9.70822622e-01  9.14431097e-01
   6.99755210e-01  4.19458418e-01  4.19807578e-01]
 [ 1.45862962e-01  2.90737713e-01  7.37787275e-01  5.85433831e-01
   3.52572660e-01  9.20280335e-01  3.99577273e-01  1.49434830e+00
   4.02167312e-01  4.47415243e-01  6.67668801e-01  8.13669228e-01
   1.90067110e-01 -7.68688983e-01 -9.57165596e-01]
 [ 7.38023075e-01  2.36782720e-01  6.58616111e-01  1.64403872e-01
   3.38604164e-01  4.70282568e-01  7.23637523e-02  7.21551566e-01
   3.16148801e-03  5.12919488e-01  2.98165118e-01  3.44198053e-01
   4.51174411e-02  7.60533743e-02  1.06252989e-01]
 [ 7.92729478e-01  4.57132960e-02  5.33155792e-01  5.93094634e-01
   6.01801893e-02  6.26335343e-01  1.61072426e-01  3.14362333e-02
   2.12244642e-01  9.60778210e-01  9.99158666e-02  2.40872308e-01
   8.43044064e-01 -3.22829690e-01  8.01161981e-01]
 [ 2.06880218e-01  3.01845993e-01  2.49301064e-01  8.26273920e-02
   2.79940119e-01  3.96669510e-01  7.09404289e-01  7.85319598e-01
   7.46504310e-01  4.01258598e-01  3.73838302e-02  8.82927229e-01
   9.13949679e-01  8.22203663e-01 -2.10217220e-01]
 [ 7.03382833e-01  9.03945425e-01  8.75525654e-01  1.56029005e-01
   2.40753999e-01  9.31374427e-02  1.71572245e-02 -7.11126652e-02
   8.01100608e-01  9.01332287e-01  7.04800017e-01  1.82310445e-01
   2.14820335e-01  7.49475096e-02 -1.40048017e-01]
 [ 4.11424228e-02  1.07015843e-01  7.82035413e-01  9.41850106e-01
   5.84999676e-02  9.21574623e-01  5.01760962e-01  5.96035532e-01
   4.07165218e-02  4.88454766e-01  4.86138480e-01  6.72655281e-01
   7.18318965e-01  3.77155886e-01  7.32792724e-01]
 [ 2.68258261e-01  5.02716868e-01  1.20664071e-01  2.84461098e-02
   7.32669687e-03  2.29090083e-01  9.21432412e-01  1.24698658e+00
   3.98790258e-01  6.09584451e-01  8.69980782e-01  1.30821847e-01
   9.19121513e-01 -6.37242423e-01 -5.94135245e-01]
 [ 2.09128922e-01  4.71438995e-01  7.46465546e-01  2.22939009e-01
   3.19965695e-01  2.41594189e-01  6.40122152e-01  2.99697864e-01
   5.37434685e-01  5.86604321e-01  3.45313718e-01  6.79294656e-01
   1.86050028e-01  1.95901452e-01  1.22746973e+00]
 [ 2.03523318e-02  8.90985305e-01  8.81878034e-01  4.07323803e-01
   9.79541578e-01  5.75263399e-01  1.10788717e-01  7.22981725e-01
   7.71443713e-01  2.28457551e-01  4.71111205e-01  7.90031488e-01
   1.51124645e-01  1.24140006e+00 -9.53594693e-01]
 [ 2.83381682e-01  9.74514264e-01  1.00800572e-01  8.68004472e-01
   8.96239049e-01  8.34962356e-01  6.30676029e-01 -6.33155655e-01
   7.90848702e-02  7.08495911e-01  6.22213513e-01  3.50706209e-01
   7.80611776e-01 -6.56859987e-01  9.37646130e-01]
 [ 4.06077054e-02  7.91997791e-01  8.53113991e-01  1.38906381e-01
   3.79030179e-01  6.83886076e-02  1.05660649e-01  1.30907144e+00
   1.43950121e-01  9.25780485e-01  1.41304529e-01  7.34170770e-01
   4.45652853e-01  5.28274981e-01 -7.75474166e-02]
 [ 1.35335002e-01  5.02107452e-01  2.82588057e-01  4.69263046e-01
   4.80941434e-01  8.82972195e-02  8.47340559e-01 -4.03115070e-01
   4.55425760e-01  3.27420178e-01  7.69420383e-01  5.24412827e-01
   7.46657526e-01 -6.02797140e-02 -3.54254513e-01]
 [ 4.87959456e-01  8.27483331e-01  4.38140400e-01  3.63732746e-01
   3.76975692e-01  3.72506528e-01  2.60952745e-01  1.59476450e-01
   6.61951481e-01  9.06060808e-02  9.95097379e-01  8.33892658e-01
   6.34852841e-01 -7.14363776e-01  4.34743293e-01]
 [ 3.58996176e-01  7.92618599e-01  5.47515022e-01  8.94934256e-01
   4.54520436e-01  1.73448184e-01  5.58916671e-01  8.33874539e-01
   9.64117024e-01  7.50052389e-01  8.82972152e-02  7.40118371e-01
   5.76824757e-01  4.82543208e-01  8.24270549e-01]
 [ 1.07394690e-01  9.72779293e-02  9.88802297e-01  4.46605927e-01
   3.53047048e-01  1.52285164e-01  1.30701189e-01  1.62006408e-01
   8.81765937e-02  9.60718683e-01  1.80564833e-01  7.65667642e-01
   6.36561544e-01  5.53356977e-01  1.81922306e+00]
 [ 4.95959503e-01  8.55072678e-01  1.05777759e-01  6.36037394e-01
   4.46269079e-01  9.79448725e-01  6.68133983e-02  5.87190164e-01
   4.74370788e-02  4.05409713e-01  7.27433110e-01  7.17218663e-02
   6.00680431e-01  7.18709162e-01 -6.63757770e-02]
 [ 8.61048606e-01  1.97268595e-01  9.69586447e-01  3.45020171e-01
   2.35168745e-01  4.89059756e-01  4.02819394e-01  7.12896936e-01
   5.19115771e-01  3.75424206e-01  7.14791801e-01  1.83018709e-01
   8.97070388e-01 -9.36984312e-01  8.61559064e-01]
 [ 3.70383696e-01  7.03806032e-01  7.95252078e-01  1.75059005e-01
   9.57438887e-01  3.28588067e-01  1.13555333e-01  1.15582332e-01
   2.03975816e-03  8.40473514e-01  2.35294622e-01  1.58827796e-02
   7.83074496e-01  1.09244466e+00 -9.43495855e-01]
 [ 5.62255691e-01  5.42909999e-01  9.78577170e-01  1.00402886e+00
   4.30621271e-01  8.45082114e-01  4.84483361e-01 -3.41744599e-01
   5.95308653e-01  4.15795471e-01  7.04312104e-01  6.38266873e-01
   3.79627426e-01 -1.17860542e-02  1.78950686e-01]
 [ 4.27456570e-01  9.03597072e-01  2.76640857e-01  7.55692543e-01
   6.20884785e-01  2.04366111e-02  8.16042435e-01  4.98952535e-01
   7.83504555e-01  7.36160164e-01  1.94023541e-01  5.49451488e-01
   5.13820113e-01  5.15860074e-01 -8.58084442e-01]
 [ 7.10572693e-01  2.29607991e-01  5.97545243e-01  2.89987516e-02
   4.74397700e-02  2.04973686e-01  1.87619570e-01  1.22394540e+00
   5.20444005e-01  6.16656919e-01  3.81911503e-01  9.52908539e-01
   4.30878831e-01 -4.01272910e-01  1.49476856e-01]
 [ 6.43045006e-01  2.47320008e-01  4.58000069e-01  8.75452582e-01
   3.99789003e-01  3.83607852e-01  1.86766827e-01  2.70109235e-01
   5.84973766e-01  3.59604935e-01  5.35202425e-01  1.84104001e-01
   4.37544131e-01  5.54458174e-02 -2.55149684e-01]
 [ 5.22256928e-01  2.91326737e-01  2.27454536e-01  1.39399834e-02
   7.96585034e-01  9.74676603e-01  7.57243681e-01  7.87470153e-01
   7.01838497e-01  3.55110058e-01  6.73452788e-01  4.83088735e-01
   3.90440454e-01  6.73146044e-01  2.99381723e-01]
 [ 6.75887441e-01  3.57494189e-01  5.49664049e-01  3.89392107e-02
   7.42539709e-01  7.42316770e-01  3.61853835e-01 -1.11266882e+00
   2.54951804e-01  5.33145928e-01  4.74224769e-01  9.24717457e-01
   9.97583218e-01 -5.39838918e-01 -2.47439509e-01]
 [ 5.67291476e-02  9.77995969e-01  3.71221503e-01  1.28203279e-01
   7.09824062e-01  1.64308288e-01  4.80306168e-01  8.03799285e-01
   1.76133913e-01  3.11588977e-01  8.60674943e-01  2.85625667e-01
   8.75458362e-01  1.40305030e+00 -3.67157954e-01]
 [ 7.04203344e-01  8.22145487e-01  9.07635246e-01  1.14121624e-01
   6.00107204e-01  5.30799106e-01  6.10592466e-01 -5.23639859e-02
   5.80695371e-01  2.69743173e-01  3.96752098e-01  5.84123689e-01
   3.38967770e-01 -1.23146904e-02 -2.83785775e-01]
 [ 3.33548664e-01  1.67811228e-01  7.87233645e-01  9.69598562e-02
   9.73368940e-02  3.59931597e-01  6.98557825e-01 -3.30601703e-01
   7.81401263e-01  9.50320942e-02  8.52424814e-01  5.99682928e-01
   7.23543617e-01 -7.94219919e-01  1.99623562e-01]
 [ 8.09565744e-01  2.43161553e-01  9.79660819e-01  8.98856593e-01
   7.03288846e-01  8.88968473e-01  3.54155554e-01  2.08316301e-01
   6.00707701e-01  3.12801052e-01  4.91937810e-01  6.91894366e-01
   3.26839201e-01  1.18364688e+00 -1.19426751e-01]
 [ 4.24197650e-01  1.36930520e-02  5.68988338e-01  6.58889572e-01
   3.56180218e-01  2.59546244e-01  1.04698705e-01  6.52213446e-01
   7.00748037e-01  3.93601213e-01  9.76462546e-01  6.07539331e-01
   1.86778344e-01 -5.73728115e-01 -1.39392552e-01]
 [ 4.43877983e-01  2.84931085e-01  4.11677634e-01  9.99573323e-02
   4.14057518e-01  9.61889419e-01  9.15724388e-01  8.91004031e-01
   7.53043871e-01  2.87838317e-01  5.36085953e-01  2.14814568e-01
   3.41942771e-02  3.10643297e-01 -6.74260720e-01]
 [ 9.59465796e-01  4.70180676e-01  3.97151007e-01  1.00036409e+00
   7.75991122e-01  4.86493351e-01  3.29277369e-01 -1.08188139e+00
   3.36233567e-01  4.20424594e-01  2.86454612e-01  1.20301038e-01
   6.95954822e-02 -5.17316379e-01 -4.67420222e-01]
 [ 4.75983438e-01  5.68380178e-01  2.18830069e-01  9.57225953e-01
   6.72103318e-01  5.46374263e-01  5.64253704e-01  1.35609032e+00
   8.84265510e-01  2.17597873e-01  9.18884548e-01  6.83037967e-01
   7.37923273e-01  9.32400427e-01  4.90570443e-01]
 [ 7.54062615e-01  4.63853707e-01  4.34829036e-01  3.33535065e-01
   6.08808647e-01  5.72934462e-01  5.11645416e-01  7.44067423e-01
   6.59272244e-01  2.38633039e-01  4.06761695e-02  8.66794668e-02
   2.65007268e-01  2.46985761e-01  4.25904512e-01]
 [ 8.53014312e-01  1.02588462e-01  4.95059976e-01  6.44092974e-01
   7.07143594e-01  7.62840491e-01  7.34726783e-01 -1.11898491e+00
   3.95513028e-01  9.79913835e-01  4.78615132e-01  1.37516379e-02
   4.42740164e-01 -1.11717154e+00 -7.47410583e-01]
 [ 1.92748202e-01  2.08208889e-01  2.06164673e-01  1.64873473e-01
   8.46753680e-01  2.36426510e-01  3.60715193e-01  2.91900358e-01
   1.72676398e-01  8.42899707e-01  6.30999608e-01  4.88890448e-01
   7.28636582e-01  2.24071259e-01  8.43561770e-01]
 [ 5.17604941e-01  7.41083732e-01  2.98380468e-01  5.23087496e-01
   3.47052753e-01  3.13191024e-01  9.00562170e-01  1.92627640e-01
   1.76963013e-01  7.57866311e-01  2.76000371e-01  5.09302174e-01
   3.36758743e-01  3.65262797e-01  3.22462386e-01]
 [ 4.75926892e-01  2.41545452e-03  1.34076461e-01  8.00152999e-02
   6.91147729e-01  5.81283903e-01  2.32680891e-01  1.05016820e+00
   8.05445050e-01  3.17339637e-01  7.10686428e-02  6.30485912e-01
   7.93167826e-01 -4.49720916e-01  2.67609016e-01]
 [ 5.54353431e-01  7.01640524e-01  3.49684927e-01  6.37458859e-02
   6.49810937e-02  3.57576237e-01  8.81610437e-01 -6.13163448e-01
   8.27210844e-01  5.65284685e-01  1.94654820e-01  9.85529237e-01
   9.38611500e-01 -7.64974253e-01 -4.25924004e-01]
 [ 1.16518622e-01  2.37623227e-01  9.01368922e-01  7.80828392e-01
   3.87147444e-01  8.40364384e-01  2.75396993e-02 -1.37121515e-01
   8.49060219e-01  9.39810520e-01  4.21300030e-01  2.51900214e-01
   5.72962652e-01  8.91801482e-01 -1.46659930e-01]
 [ 5.49169054e-01  6.04347076e-01  9.51371383e-01  6.83547029e-01
   5.84332118e-01  2.26108379e-01  3.81452283e-01  1.76782910e+00
   3.19223805e-01  8.21780988e-01  5.62154235e-02  3.36269795e-01
   9.61152528e-01 -3.52702684e-01  2.96197954e-01]
 [ 3.14065248e-01  6.19868162e-01  7.51698338e-01  2.89164618e-01
   3.08688446e-02  6.67697961e-01  7.68776994e-01  7.49263236e-01
   9.05170971e-01  4.95086375e-01  3.52510807e-02  7.47498483e-01
   9.33776076e-02  3.26505241e-01 -7.16965035e-01]
 [ 3.18261102e-01  7.83594815e-01  3.58286778e-01  6.61509225e-01
   2.17284048e-01  6.89982149e-01  5.65541822e-01 -1.28641012e+00
   1.98378444e-01  7.01932550e-01  2.17711374e-01  9.68532781e-01
   2.38942722e-01 -2.97819354e-01  3.74845327e-01]
 [ 4.87359249e-01  6.96675080e-01  7.63308816e-01  2.21371642e-01
   7.33692589e-01  1.00811578e+00  7.22427541e-01 -1.66565479e+00
   7.06319894e-01  7.53849864e-01  5.70845452e-01  9.70674118e-01
   2.45299141e-01 -3.24773825e-01  2.97383900e-01]
 [ 4.47671762e-01  5.90964214e-01  7.06690025e-01  9.81382258e-01
   9.11621848e-01  4.29691067e-01  2.35484324e-01 -1.74501746e+00
   2.84941014e-01  7.81505595e-01  9.72461058e-01  9.86083384e-01
   4.01849679e-01  2.45886603e-01  5.29967638e-01]
 [ 5.27279527e-01  7.83887033e-01  4.73486573e-01  2.56642046e-02
   9.44646513e-01  6.16577260e-01  1.22139845e-01  4.05172568e-01
   2.50685875e-01  6.77413628e-01  5.22959816e-01  9.37433041e-01
   6.73205314e-01  9.98373821e-02 -8.54280467e-01]
 [ 3.11998028e-01  9.62943343e-01  2.40906202e-01  8.14276146e-01
   5.31425794e-01  4.35213907e-01  6.80071141e-01  4.03984471e-01
   8.23225078e-01  3.44229316e-01  7.08760178e-01  7.88274625e-01
   8.85936746e-01  3.71878473e-01  9.45613572e-01]]