Pesos de entrada para a camada escondida apos o treinamento: 
[[ 3.51295131e-01  5.75394176e-02  2.86545345e-02  6.31816791e-01
   9.94011942e-01  4.06795813e-01  7.09862546e-01  8.70778199e-01
   2.51886200e-01 -9.62823229e-01  1.22791867e+00  6.55995750e-01
   9.16758270e-02 -2.92190678e-02  2.12387267e-01]
 [ 2.75653682e-01  1.02728000e-01  2.82843355e-01  6.71539988e-01
   1.48630366e-01  2.89948313e-02  2.36755916e-01  2.21591468e-01
   6.26564508e-01 -2.30324826e-01  4.55413028e-01  8.40038689e-01
   4.86583456e-01 -2.62130713e-01  4.62927132e-01]
 [ 2.01939870e-01  3.97986980e-01  9.59144390e-01  9.67990096e-01
   1.13434377e-01  8.43687722e-03  2.22441345e-01  6.83947661e-01
   7.16782454e-01  1.56238969e-01  8.35814336e-01  6.21610216e-01
   9.52997565e-01 -2.00493851e-01  7.30911403e-02]
 [ 1.83537546e-02  1.33683572e-01  7.14868938e-01  4.42481539e-01
   6.82962263e-01  2.58999143e-01  6.55065739e-01  7.32371859e-01
   7.70528723e-01  1.13733589e+00  1.51764373e-01  7.09158267e-02
   7.33652731e-01 -8.82194330e-01  7.00922207e-01]
 [ 9.15179625e-01  6.76889593e-01  9.06549765e-01  9.38277160e-01
   3.26378333e-01  9.45598104e-01  1.79835467e-01  9.75218482e-01
   9.31535280e-01  5.86301238e-01 -2.26631035e-01  8.48922001e-01
   7.06639116e-01 -9.96105022e-01  1.80788586e-01]
 [ 2.21621490e-01  1.78269476e-01  6.59718227e-01  1.76248850e-01
   4.04262595e-01  5.06732981e-02  9.36034915e-01  2.06122307e-01
   8.90435911e-01 -8.22993905e-01 -1.02251118e+00  6.69802456e-01
   3.76185575e-01  6.62214269e-01  1.30365675e-01]
 [ 8.59518553e-01  9.87838206e-01  7.41575567e-01  3.99358174e-01
   4.58144385e-01  6.90722006e-01  7.14412399e-01  4.04519289e-01
   5.38803880e-01  1.63731465e-01  2.93737892e-02  3.26674928e-01
   7.52276937e-01 -5.56035419e-01  3.58384738e-01]
 [ 2.82341107e-01  2.17881283e-02  6.90126279e-01  2.03504870e-01
   6.98216402e-01  6.88311090e-01  5.28802983e-01  9.94950839e-01
   3.57654188e-01 -5.16392047e-01  1.95806271e-01  4.52150693e-01
   2.63280542e-02  2.41868706e-01  5.75190915e-01]
 [ 5.16735264e-01  8.15579596e-01  2.57586857e-01  9.78893323e-03
   8.39956983e-01  2.25996151e-01  7.34825826e-02  4.54419392e-01
   2.13745496e-01  3.64739371e-01  1.17265190e-01  3.78194889e-01
   3.87256055e-01 -1.43261461e+00  2.55676113e-01]
 [ 1.29669823e-01  6.32424492e-02  5.68291565e-01  9.87108394e-01
   2.84889641e-01  2.12548037e-02  6.86843903e-01  2.20006325e-01
   7.70112105e-02  1.46842054e-02  2.96480641e-02  4.62844429e-01
   9.88154955e-02  1.79623015e-01  7.33165702e-01]
 [ 1.76116298e-01  8.59156395e-01  4.93635867e-01  5.76845155e-01
   1.88621410e-01  3.13470686e-01  1.50191721e-01  7.03266398e-01
   4.24815912e-02  8.04293624e-01  8.73419066e-01  4.37535549e-01
   8.94036582e-02  9.34438733e-01  6.09573857e-01]
 [ 3.47985570e-01  9.36761942e-01  6.34182420e-01  3.80279161e-01
   4.81573733e-02  9.04462743e-01  8.74040012e-01  2.03916842e-01
  -1.57445045e-02 -4.93853094e-01 -3.40549786e-02  4.70465466e-01
   3.79177458e-02  5.52640286e-01  6.21097333e-01]
 [ 9.27673257e-01  3.27079562e-01  4.94988260e-01  6.58920910e-01
   2.66858514e-01  3.18366392e-01  9.25213913e-01  1.15366530e-01
   9.50585534e-01  1.23970326e+00 -7.37398438e-01  4.13170871e-01
   2.89419918e-01 -3.33111482e-02  6.70064658e-01]
 [ 7.79568507e-01  3.77557412e-01  7.59457173e-01  2.34492464e-01
   6.91729061e-01  6.87342179e-01  5.89500222e-01  3.91238646e-01
   6.48350354e-01  7.13771855e-01  1.23885999e-01  6.66655664e-01
   3.44349127e-01  4.87810057e-01  2.96626009e-01]
 [ 3.48700372e-01  2.78405731e-01  3.65617688e-01  4.50097977e-01
   3.65613281e-02  1.91062457e-01  6.99226985e-02  8.58298359e-02
   4.83241221e-01  2.10140048e-01 -2.91126806e-02  7.07842657e-01
   5.84721826e-02 -6.13489952e-01  8.19834494e-01]
 [ 8.25818692e-01  1.98412847e-01  1.03382482e-01  6.99370036e-02
   4.22965659e-02  9.72131563e-01  6.07541204e-02  8.23284914e-02
   5.55065987e-01  5.10433787e-02  3.47956331e-01  1.46353002e-01
   7.55829712e-01 -2.21220698e-01  3.34017710e-03]
 [ 3.69753275e-01  4.90303618e-01  2.38010423e-01  7.33672512e-01
   5.12752444e-01  5.55834133e-01  1.41976849e-02  2.44639013e-01
   7.38703576e-01  2.86512251e-01  4.74798473e-01  9.47034291e-01
   6.09597365e-01  3.72787354e-01  8.70186098e-01]
 [ 3.88170935e-01  7.55771286e-01  2.66236933e-01  4.34315558e-01
   5.58874396e-01  1.05458753e-01  1.94949452e-01  9.86130064e-01
   3.74385919e-01 -1.19652110e+00  7.16074375e-01  8.92656798e-01
   4.57882183e-01  5.52300243e-01  9.02009945e-01]
 [ 8.34725486e-01  5.73419881e-01  2.45066668e-01  4.42038607e-01
   3.24805839e-02  4.78095786e-01  4.47466816e-01  2.67417580e-01
   3.79992421e-01  7.07592289e-01  2.74827073e-01  3.27353685e-01
   6.15929197e-01  4.11155417e-01  7.71555625e-01]
 [ 4.57181489e-01  7.23734255e-01  8.33511149e-01  2.19512559e-01
   6.89526120e-01  5.16871386e-01  2.62048154e-01  3.23230027e-01
   5.69582869e-01  9.91594615e-01 -3.32187624e-01  8.77332830e-02
   7.57947689e-01  1.17805451e+00  1.10670563e-01]
 [ 5.38236774e-01  2.57540411e-01  7.87343721e-01  7.85762021e-01
   5.03312558e-01  6.21971076e-01  4.73034448e-01  8.70859923e-01
   9.79035654e-01  1.13141782e+00  2.30590077e-01  5.75448766e-01
   7.55714437e-02  5.57406086e-01  7.79176983e-01]
 [ 9.03160199e-01  5.27810154e-01  1.72233458e-01  7.89760267e-03
   6.35899433e-01  3.20632860e-01  1.48464886e-01  8.34418403e-01
   6.84175419e-01  1.52055920e-01  1.83569032e-01  3.85615573e-01
   1.90868653e-01 -6.03049907e-01  2.89352891e-01]
 [ 1.43491261e-02  8.59120642e-01  3.88956365e-01  8.44696427e-01
   8.23862308e-01  9.64468199e-01  2.52534512e-01  7.44092383e-01
   6.09721410e-01  1.06034967e-01  3.30547173e-01  8.20231835e-01
   1.36176423e-01 -3.85152745e-01  8.49211101e-01]
 [ 4.21749271e-01  7.14366843e-01  4.98400221e-01  7.06896860e-01
   2.85379861e-01  9.65209045e-01  6.83474372e-01  8.65734057e-01
   1.88048416e-01 -9.77809472e-01  7.42122632e-01  4.96328365e-01
   5.02468450e-01  7.22908162e-01  1.38048407e-01]
 [ 8.84275077e-01  9.05344216e-01  7.00216666e-01  6.00951955e-02
   5.14905384e-01  2.80572922e-01  6.99536292e-01  6.44264078e-01
   1.02290705e-01 -1.37916605e-01  1.45382744e-01  6.48810138e-01
   9.07943328e-01 -6.84608027e-01  8.63992439e-01]
 [ 8.59381330e-01  2.95837820e-01  9.64467395e-01  3.57376664e-01
   4.95341057e-02  7.38676912e-01  1.67058717e-01  2.18829774e-02
   8.64487918e-01  9.56202355e-02  7.15279034e-01  4.38279796e-01
   1.17990255e-01  7.12046283e-01  1.58601857e-01]
 [ 3.81700604e-01  4.60690894e-01  1.50657966e-01  9.76932434e-01
   1.18275657e-01  7.99455077e-01  2.88256685e-01  3.44684842e-01
   6.92990981e-01  7.26976624e-01 -7.93794745e-01  2.28067056e-01
   7.17409304e-01  1.23176454e+00  5.36595361e-01]
 [ 4.94471524e-01  9.80237243e-02  3.60387785e-01  3.30778538e-01
   6.25085024e-01  4.16509905e-01  4.77671255e-01  7.92128415e-01
   8.75774266e-01  1.31677774e+00  6.32911699e-01  5.65292494e-01
   9.75787489e-01  1.07491224e+00  9.24507254e-01]
 [ 1.85848815e-01  9.02779681e-01  9.94356670e-01  4.72792967e-02
   3.83907051e-01  5.66050568e-01  2.10368095e-01  8.42513050e-01
   1.66602056e-01 -2.35849007e-02  9.10451681e-02  1.91824374e-01
   8.51052032e-01 -3.29359227e-01  4.28420356e-01]
 [ 8.96584428e-02  5.52540332e-01  5.11397391e-01  9.59287785e-01
   6.61025390e-01  2.43835258e-01  6.91670673e-01  6.79312243e-01
   8.36058762e-01 -5.65079418e-01  8.22018709e-01  5.94883995e-01
   8.41755880e-01  5.91117439e-02  9.97279955e-01]
 [ 8.88759487e-01  6.56971418e-02  2.38009380e-01  2.41315840e-01
   3.41941628e-01  5.34868464e-01  2.73139017e-01  9.97832189e-01
   9.42600481e-01 -1.71497093e-01  1.05288923e+00  9.64962295e-01
   6.11098363e-01  7.83691146e-01  7.01731741e-01]
 [ 7.55574096e-01  9.27073437e-01  3.44634633e-01  9.28509624e-01
   6.01183712e-02  4.64015032e-01  9.44868186e-01  6.33458518e-01
   6.88049637e-01 -3.24608970e-01  5.79201706e-01  7.40545630e-01
   8.13982597e-01  5.62056591e-01  6.59599921e-01]
 [ 5.30566351e-01  9.34161360e-01  4.08520140e-01  5.30195310e-01
   3.15670934e-01  4.06531824e-01  3.49106036e-01  8.10133816e-01
   4.24785392e-01  6.44450235e-01  5.73289067e-01  3.41556160e-02
   8.42262517e-01  1.58653100e+00  4.15699568e-01]
 [ 6.01566095e-01  3.26628606e-01  8.26772440e-02  6.93677613e-01
   6.76167455e-01  3.59859438e-01  2.73869499e-01  7.34997912e-01
   2.53988202e-01  9.18253530e-01 -3.96817526e-01  8.07661707e-01
   9.18659625e-01  1.99747721e+00  8.91805838e-01]
 [ 6.53174552e-01  5.32608333e-01  9.08633518e-01  8.99091732e-01
   1.75241819e-01  7.93532994e-01  9.31165494e-01  1.95008440e-01
   7.74067129e-01  8.21788875e-01  8.20357392e-01  6.54070516e-01
   4.68309449e-01  3.40186393e-01  4.78610801e-01]
 [ 9.92312985e-01  6.58763556e-01  1.09690845e-01  1.60929064e-01
   1.52468492e-01 -1.80276389e-02  1.05997020e-01  4.49509387e-01
   1.72104016e-01  4.97474393e-01 -3.56582116e-02  1.81679897e-01
   2.60896780e-01 -7.87611437e-01  6.58791560e-01]
 [ 4.11243335e-01  6.29594090e-01  5.80689852e-01  2.63949719e-01
   6.29893161e-01  8.88577103e-01  2.71204181e-01  8.09105799e-01
   4.92056658e-01 -2.60374957e-01  8.18872867e-01  9.71507777e-01
   2.60299739e-01 -3.14997653e-01  9.75010977e-01]
 [ 6.01624232e-01  5.36598023e-01  3.31885415e-01  4.79529433e-01
   2.16134345e-01  2.97105971e-01  2.30159427e-01  9.38518810e-01
   3.05018732e-01 -4.27503125e-01  9.86210099e-03  4.86965207e-01
   6.02935298e-01  2.52789999e-01  7.06556254e-01]
 [ 6.18224389e-01  2.45496375e-01  1.29793722e-01  5.51962317e-01
   3.65973173e-01  3.95773038e-01  5.27651006e-01  3.09199456e-01
   2.09565729e-01 -6.31295096e-01  9.62461316e-01  9.77544793e-01
   5.67124371e-01  5.43069746e-01  8.91864631e-01]
 [ 9.01133990e-01  7.26846863e-01  1.48739308e-01  3.28760460e-02
   9.78877612e-01  5.14687749e-02  7.73004444e-01  1.72401416e-01
   2.00940306e-01  7.82887875e-01  4.52033725e-01  1.44425122e-01
   5.01614076e-01  2.70788876e-01  3.39345663e-01]
 [ 8.44291232e-01  6.60016525e-01  9.09586187e-01  6.17729230e-01
   5.05085111e-01  4.34844461e-01  5.90079875e-01  2.52577751e-01
   5.99888225e-01  5.12721936e-01 -5.39147687e-01  1.73577240e-01
   6.99200423e-01  1.04436920e+00  8.95844967e-01]
 [ 6.46865627e-01  6.79640441e-01  8.25296813e-01  3.98247428e-01
   7.68605697e-01  3.75682541e-01  9.97742804e-01  6.19599352e-01
   5.52336738e-01  5.20315493e-01  8.29160033e-01  5.37125348e-02
   3.18897839e-01  1.26797918e+00  3.31400329e-01]
 [ 7.78770754e-02  6.73876033e-01  3.11576192e-02  1.84816332e-01
   9.88151834e-01  2.14066541e-01  8.91052843e-01  3.15557996e-01
   1.41301052e-01  3.81795628e-01 -1.66643110e-01  9.43998308e-01
   4.49985934e-01 -9.19063408e-01  5.92029522e-01]
 [ 7.92268367e-01  7.84456365e-01  8.01153144e-01  2.28325789e-01
   3.07228871e-01  8.27923018e-02  5.87059721e-01  6.72337740e-01
   5.24653454e-01 -5.55761564e-01 -1.01431547e-03  5.71009847e-01
   2.69709007e-01  5.74982148e-01  7.92534246e-01]
 [ 7.21562844e-01  7.85626261e-01  6.82489912e-01  8.18927417e-01
   5.82185064e-02  4.72444413e-01  7.20523854e-01  3.74229847e-01
   3.21551094e-01  6.52192257e-01  7.82761780e-01  5.14196662e-01
   9.89350108e-01  4.11489565e-01  1.69650727e-01]
 [ 4.00120182e-01  5.14558530e-01  4.79748457e-01  7.43747137e-01
   6.65308683e-01  4.43537150e-01  6.67636320e-01  4.31710083e-01
   6.02123176e-01 -7.34474147e-01  7.67510012e-01  5.19418939e-01
   4.92962915e-01  1.80903908e-01  5.03269942e-01]
 [ 9.36580166e-02  2.31007750e-01  3.23116188e-01  4.73053286e-01
   3.13972199e-01  8.63737647e-01  2.79229766e-01  9.95006044e-01
   8.60767372e-01 -4.05083543e-01  4.31112681e-02  9.36903691e-01
   9.62778748e-02  6.60589435e-01  8.84312861e-01]
 [ 8.55474582e-01  9.55374827e-01  6.50405358e-01  9.64122661e-01
   3.75928903e-01  3.01587466e-01  3.24893781e-01  2.45511985e-01
   7.72125491e-02  6.08173185e-01 -5.42715851e-01  4.80550275e-01
   1.87972529e-01  1.23048720e+00  5.59477130e-02]
 [ 6.69223751e-01  9.07380728e-02  6.63383503e-01  3.68898834e-01
   4.30639203e-01  1.46769683e-01  4.01234085e-01  4.01999760e-01
   3.00803324e-02  5.49375572e-01  3.56386178e-01  8.13982225e-01
   9.19442997e-02  5.32810971e-01  1.91804579e-01]
 [ 3.86090403e-01  1.15462825e-01  9.58610378e-01  8.77304549e-01
   8.51295539e-01  5.82388004e-01  3.32457800e-01  5.94019169e-01
   1.39630742e-01 -3.60653905e-01  6.62343015e-01  9.92468385e-01
   5.62638266e-01  7.63731418e-01  6.87082721e-01]
 [ 3.63697212e-01  9.13051742e-01  2.33235275e-01  5.29171530e-01
   3.90844410e-01  4.87697822e-01  7.73234988e-01  7.64314669e-01
   6.39792108e-01  7.68485813e-01 -9.55047439e-01  2.94821208e-02
   5.27605415e-01  3.17976738e-02  4.06479458e-01]
 [ 6.74150857e-01  5.02207082e-01  2.58856170e-01  2.86949816e-01
   1.50880141e-01  6.61258596e-02  3.32637395e-01  5.58787434e-01
   7.79727637e-01  9.79780664e-01  3.80566627e-01  4.98990257e-01
   5.77414240e-01  5.45131626e-01  7.29938053e-01]
 [ 4.29967518e-01  1.96720730e-01  8.85250772e-01  2.52172386e-01
   3.69626684e-01  8.08230402e-01  6.51970575e-01  5.39441400e-01
   9.02235063e-01  2.81257674e-01  2.85568801e-01  8.02185494e-01
   9.74766822e-01  2.13011163e-01  6.42679620e-01]
 [ 7.24101612e-01  8.21034617e-01  9.95591654e-02  6.26327043e-01
   1.56842265e-01  3.17035903e-01  4.63348917e-02  6.89693366e-01
   1.50717000e-01 -3.84056079e-01  8.74912244e-01  6.52660966e-01
   3.22194223e-01  6.49288570e-01  6.05422795e-01]
 [ 7.28525272e-02  9.35312131e-01  6.05564129e-01  3.71769621e-01
   7.22592136e-01  1.84712933e-01  6.27579472e-01  2.00039768e-01
   1.16416420e-01  2.49676015e-01 -5.16015620e-01  2.49763745e-01
   8.26652347e-01  2.97184808e-01  8.44831347e-01]
 [ 3.68918759e-01  1.32349792e-03  8.50772085e-01  1.94825991e-01
   4.85107631e-01  1.55794627e-01  5.89234521e-01  5.07862422e-01
   1.73320205e-01  5.66965013e-01  2.16422990e-01  7.66759756e-01
   5.83620775e-01  7.62281575e-01  7.91019722e-02]
 [ 7.15933310e-01  6.24878429e-01  2.01726521e-01  5.61452713e-01
   1.25306226e-01  1.85166047e-01  3.52035038e-01  6.21465651e-01
   2.22733441e-01 -2.68569055e-01  5.00890983e-01  2.67932087e-01
   7.58350380e-01  7.75012800e-02  6.14779360e-01]
 [ 8.00134317e-01  6.21172283e-01  9.96510301e-01  4.24812254e-02
   3.88273655e-01  1.25444679e-01  9.13272698e-01  3.19838865e-01
   7.18620056e-01 -5.59875128e-01  8.87500989e-01  5.68765342e-01
   5.77673958e-01 -9.39684928e-02  7.11899904e-01]
 [ 8.40982187e-01  1.73235950e-01  6.24685954e-01  2.21978520e-01
   9.01918357e-01  1.90826304e-01  5.02222752e-01  3.33551280e-01
   8.33626396e-01  2.70151293e-02 -3.83483909e-01  6.58218997e-01
   3.22602088e-01 -1.57113596e-01  3.97552565e-01]
 [ 4.49022412e-01  9.53426352e-01  1.17740095e-01  8.74547852e-01
   7.13795700e-01  7.44696749e-01  1.65730557e-01  4.35207895e-01
   1.26365345e-01  1.38815326e+00 -6.19141892e-01  4.55977245e-01
   2.60159660e-01 -8.34398443e-01  3.66209969e-01]
 [ 3.25775259e-01  8.11463210e-02  7.69708014e-01  4.35313740e-01
   5.79980452e-01  7.82293277e-01  2.26098823e-02  3.31165735e-01
   9.76704612e-01  5.63193391e-01 -2.48595742e-01  1.86331778e-01
   4.36368490e-01 -5.49620661e-01  7.64096029e-01]
 [ 6.24229775e-01  1.37652466e-01  2.75249771e-01  8.90155628e-02
   7.01780803e-01  4.23507712e-01  8.58857177e-01  9.49610275e-01
   6.43519123e-01 -1.16276543e+00 -1.13779211e-01  7.07807271e-01
   7.44427198e-01 -5.98813946e-01  8.28435942e-01]
 [ 9.33965015e-01  5.94059521e-01  3.31722572e-01  5.16763103e-01
   6.01825212e-01  8.92305648e-01  8.99479568e-01  2.21330979e-02
   7.10900953e-01 -6.91762699e-01  5.04210756e-01  2.09819482e-01
   2.27856477e-01 -4.39231636e-01  2.18568440e-01]]