Pesos de entrada para a camada de saída apos o treinamento: 
[[-7.59174761e-01 -7.82997892e-01 -3.22451761e-01 -3.49715942e-01
   2.03386683e-01 -3.64536088e-01  1.35025341e-02]
 [-9.21747706e-01 -4.65990430e-01 -1.74173453e-01 -9.93000402e-01
  -3.24962267e-01 -2.22328365e-01  7.56390689e-02]
 [-3.13812964e-01 -1.05603566e+00  3.04921677e-01 -9.07985935e-01
  -3.44607505e-01 -3.27102096e-01  4.24001252e-02]
 [-1.04822790e-01 -9.26912246e-01 -1.30753000e-01 -6.00979379e-01
   3.45453724e-01 -1.28647158e-01  1.97322708e-01]
 [-2.76128235e-01 -5.58228473e-01 -2.18765045e-01 -9.16736329e-01
  -6.13854283e-03 -5.55537824e-01  6.24550648e-01]
 [-8.05821765e-01 -6.27784389e-01 -4.94805049e-01  1.16959769e-02
  -2.80011318e-01 -7.33906587e-01 -2.10145038e-01]
 [-6.90064097e-02 -1.03966168e+00  1.72325375e-02 -3.25422448e-01
   4.20386049e-01 -7.48268701e-01 -1.51689302e-01]
 [-5.69743981e-02 -1.24450385e+00  2.55661588e-02 -2.22560310e-01
   3.93195184e-01 -4.83768104e-01  1.37802473e-02]
 [ 7.12643584e-02 -9.55801178e-01  1.33288753e-01 -9.33471862e-01
   8.18828309e-02  1.78738274e-01 -2.57974545e-01]
 [-2.53236242e+00  4.97326557e+00  3.81081578e+00  5.57247188e+00
  -2.79288835e+00  3.27195148e+00 -1.32238672e+01]
 [ 1.34898490e+00  4.07929234e+00 -4.20345054e+00  4.91306337e+00
   1.92221728e+00 -7.14131288e+00  4.76201833e-01]
 [-2.93198793e-01 -8.53097647e-01 -1.85701959e-01 -3.49968097e-01
  -2.95011696e-03 -5.20730432e-01 -9.07250671e-03]
 [-4.01268574e-01 -1.09498813e+00 -4.51332162e-01 -7.89421998e-01
  -2.42295714e-01 -2.10922367e-01  2.28059000e-01]
 [ 4.61648494e+00  4.18568183e+00 -4.84089187e+00 -4.36370251e+00
  -5.11302837e+00  3.70261122e+00  6.01541359e-01]
 [-2.03873733e-01 -8.58807322e-01 -1.22323391e-01 -1.04250331e+00
  -4.41551384e-01 -9.58232393e-02  2.19953018e-01]]