Pesos de entrada para a camada escondida apos o: 
[[ 0.75581517  0.95103267]
 [ 1.62388017  1.8447588 ]
 [ 1.01071524 -0.52972027]
 [-0.96795698  0.27921532]
 [-0.59850947  0.83610853]
 [ 0.87663424 -1.05827886]
 [-0.3189477  -0.07931118]
 [ 0.72471609  0.88820827]
 [ 0.35879923 -1.37089885]
 [ 0.63851037  0.25477935]
 [-0.55180024  0.82801363]
 [-0.58401753 -0.91175167]
 [-0.47463491  0.3057921 ]
 [ 1.39507702 -1.07613372]
 [-0.12814965 -1.17412997]
 [ 1.51841311  0.59275314]
 [-0.60511737  0.65927277]
 [ 0.63651593 -0.23430975]
 [-0.34576021  0.7716925 ]
 [-0.34323906  0.35155257]
 [ 0.66428354  0.0279151 ]
 [ 0.64948577 -1.0986783 ]
 [ 0.10029779 -0.45876334]
 [-0.51979836  0.18531004]
 [ 1.12250845  0.52266038]
 [-0.26276463  0.48474409]
 [-0.70022052  0.8555831 ]
 [ 0.25340234  1.93632627]
 [ 0.8140301   0.03535049]
 [ 1.46102456  0.49659509]
 [ 0.24517272  0.58098343]
 [ 0.69921033 -0.14145575]
 [ 1.9580655  -0.06767118]
 [-0.49158537 -1.37468166]
 [ 0.51206813  0.35574009]
 [ 0.59214108  0.07084194]
 [ 0.68494195  0.72579356]
 [-0.30577727  0.04211215]
 [ 2.04828237 -0.90545339]
 [-0.33411923  0.44302524]
 [-1.2163896   0.44771113]
 [ 0.03061905  1.57023734]
 [ 1.12135684 -1.73099439]
 [ 0.20816985 -0.23052077]
 [ 0.54629041  0.10322627]
 [ 0.24789193 -0.3870535 ]
 [ 1.97850976 -0.2513995 ]
 [-0.72001117  0.24361359]
 [ 0.53986978 -0.08603794]
 [-0.02227818  0.45608431]
 [-0.04029324 -1.09586505]
 [ 1.86230274  1.32214806]
 [-0.27928475  0.56370188]
 [-0.54933247 -0.82382585]
 [-1.53323492  0.47184972]
 [-0.56471111  0.38012216]
 [-0.32284577  0.39849243]
 [ 0.69657637  1.39076842]
 [-1.6656987   0.26275097]
 [-1.61525249 -0.01983388]
 [-1.69997563 -0.49484216]
 [ 1.59310215 -1.30822331]
 [ 1.38603984 -0.17913054]]