Pesos de entrada para a camada de saída apos o treinamento: 
[[-5.12388701e-02 -1.20028799e+00 -1.99709435e-01 -7.30691729e-01
  -2.33070371e-01 -1.02535630e-01 -8.63139460e-01]
 [ 2.13920590e-01 -1.02711016e+00 -6.77473764e-01 -7.13677130e-01
  -1.38265236e-01  2.20332428e-01 -6.13179131e-01]
 [-6.19066046e+00  5.78010277e+00  5.33130740e+00  1.12802057e+01
  -3.83340821e+00  1.29025356e+00 -8.14805163e+00]
 [ 1.93195228e-01 -1.00875715e+00 -4.13159055e-01 -6.85268988e-01
  -1.95990165e-01  3.78238330e-01 -1.02622104e+00]
 [-5.42905864e-01 -1.15208317e+00 -5.70480462e-01 -1.41368616e+00
   1.83170700e-01  6.56517231e-02 -7.18653454e-01]
 [-3.51324791e-03 -7.55151233e-01 -1.16043882e+00 -9.77141606e-01
  -4.65204970e-01  8.71843740e-02 -6.52417688e-01]
 [ 4.90851904e-01 -1.56165437e+00 -6.47729677e-01 -1.50663820e+00
  -5.02134580e-01 -4.05965312e-01 -5.58592084e-01]
 [-8.41196819e+00  1.51903401e+01 -8.65002069e+00  4.44758582e+00
  -1.24204414e+00 -2.07963489e+01  1.18406410e+01]
 [ 2.52151607e-01 -1.51638970e+00 -4.27920271e-01 -1.46959530e+00
  -3.29539667e-01  2.53252195e-01 -2.36718308e-01]
 [ 4.69305124e-01 -1.47984517e+00 -3.93377912e-01 -1.33907483e+00
  -3.49431333e-01  1.72005335e-01 -2.26871366e-01]
 [-3.45342987e-01 -1.50649445e+00 -5.60168569e-01 -1.46338078e+00
  -2.10848395e-01  3.61281218e-01 -4.83208687e-01]
 [ 1.60181611e+00 -1.43665783e+00  4.32344026e+00  6.59495237e-01
   3.38203024e+00 -6.63620594e+00 -5.49405850e-01]
 [ 2.15207471e-01 -7.93505449e-01 -3.66333487e-01 -8.96202860e-01
   2.34510209e-01 -1.09486926e-01 -9.15777010e-01]
 [-5.02336778e-01 -1.33814858e+00 -2.11172815e-01 -5.83344353e-01
  -6.23349956e-01  1.98089553e-01 -9.13504497e-01]
 [ 4.30013663e-01 -1.49602313e+00 -3.98926486e-01 -6.93722036e-01
   5.50812424e-02  3.31907108e-02 -7.93662482e-01]]