Test labels: 21
[[1. 0. 1. 0. 0. 0. 0.]
 [0. 1. 0. 0. 1. 0. 0.]
 [0. 0. 0. 0. 0. 1. 0.]
 [0. 0. 0. 0. 0. 0. 0.]
 [0. 0. 0. 0. 0. 0. 0.]
 [0. 0. 1. 0. 0. 1. 0.]
 [0. 0. 0. 0. 0. 0. 1.]
 [1. 0. 1. 0. 0. 0. 0.]
 [0. 1. 0. 0. 1. 0. 0.]
 [1. 0. 1. 0. 0. 0. 0.]
 [0. 0. 0. 0. 0. 0. 0.]
 [0. 0. 0. 0. 0. 0. 0.]
 [0. 0. 0. 0. 0. 1. 0.]
 [0. 0. 0. 0. 0. 0. 1.]
 [1. 0. 0. 0. 0. 0. 0.]
 [0. 1. 0. 1. 0. 0. 0.]
 [0. 0. 1. 0. 0. 0. 0.]
 [0. 1. 0. 0. 1. 0. 0.]
 [0. 0. 0. 0. 0. 0. 0.]
 [0. 0. 0. 0. 0. 1. 0.]
 [0. 0. 0. 0. 0. 0. 1.]]

Matrix de confusao:
[[3 0 0 0 0 0 0]
 [0 3 0 0 0 0 0]
 [1 0 1 0 0 1 0]
 [2 1 0 0 0 0 0]
 [3 0 0 0 0 0 0]
 [0 0 1 0 0 2 0]
 [0 0 0 0 0 0 3]]

Relatorio de classificacao:
              precision    recall  f1-score   support

           A       0.75      1.00      0.86         3
           B       0.75      1.00      0.86         3
           C       0.40      0.67      0.50         3
           D       0.00      0.00      0.00         3
           E       0.00      0.00      0.00         3
           J       0.75      1.00      0.86         3
           K       1.00      1.00      1.00         3

   micro avg       0.58      0.67      0.62        21
   macro avg       0.52      0.67      0.58        21
weighted avg       0.52      0.67      0.58        21
 samples avg       0.50      0.67      0.56        21
