Test labels: 21
[[1. 0. 0. 0. 0. 0. 0.]
 [0. 1. 0. 0. 0. 0. 0.]
 [0. 0. 1. 0. 0. 0. 0.]
 [0. 0. 0. 1. 0. 0. 0.]
 [0. 0. 0. 0. 1. 0. 0.]
 [0. 0. 0. 0. 0. 1. 0.]
 [0. 0. 0. 0. 0. 0. 1.]
 [1. 0. 0. 0. 0. 0. 0.]
 [0. 1. 0. 0. 0. 0. 0.]
 [0. 0. 1. 0. 0. 0. 0.]
 [0. 0. 0. 1. 0. 0. 0.]
 [0. 0. 0. 0. 1. 0. 0.]
 [0. 0. 0. 0. 0. 1. 0.]
 [0. 0. 0. 0. 0. 0. 1.]
 [1. 0. 0. 0. 0. 0. 0.]
 [0. 1. 0. 0. 0. 0. 0.]
 [0. 0. 1. 0. 0. 0. 0.]
 [0. 0. 0. 1. 0. 0. 0.]
 [0. 0. 0. 0. 1. 0. 0.]
 [0. 0. 0. 0. 0. 1. 0.]
 [0. 0. 0. 0. 0. 0. 1.]]

Matrix de confusao:
[[3 0 0 0 0 0 0]
 [0 3 0 0 0 0 0]
 [0 0 3 0 0 0 0]
 [0 0 0 3 0 0 0]
 [0 0 0 0 3 0 0]
 [0 0 0 0 0 3 0]
 [0 0 0 0 0 0 3]]

Relatorio de classificacao:
              precision    recall  f1-score   support

           A       1.00      1.00      1.00         3
           B       1.00      1.00      1.00         3
           C       1.00      1.00      1.00         3
           D       1.00      1.00      1.00         3
           E       1.00      1.00      1.00         3
           J       1.00      1.00      1.00         3
           K       1.00      1.00      1.00         3

   micro avg       1.00      1.00      1.00        21
   macro avg       1.00      1.00      1.00        21
weighted avg       1.00      1.00      1.00        21
 samples avg       1.00      1.00      1.00        21
